
#
# This is the filter-function that is output from optimize_filter.py with D = 256, S = 6, T = 4


# Some relevant output:

Iter 2400: loss = 0.0036866933654240443 = 0.0020700100312851235 + 0.0016166833341389208
Iter 2400: relative error in frequency gain is 0.00016519962333332375; integral of energy in banned frequency region is 0.00013635376662078047
f_penalty = 0.0+0.0008576379665769018; integral of abs(highpassed-signal) = 3.3501483069410227e-06
F at pi/2 is:  0.7071886670965967
F =  tensor([ 1.0001e+00,  1.0001e+00,  1.0001e+00,  ..., -3.5781e-06,
        -4.3739e-06, -5.1782e-06])
f =  tensor([ 5.84064310365151606597e-01,  5.84060211119340810804e-01,
         5.84042327028377328269e-01,  5.84012521075864987630e-01,
         5.83970794560394690365e-01,  5.83917149299906013127e-01,
         5.83851587631587176652e-01,  5.83774112411758694385e-01,
         5.83684727015729043487e-01,  5.83583435337617140171e-01,
         5.83470241790158716810e-01,  5.83345151304480391552e-01,
         5.83208169329841430439e-01,  5.83059301833359744371e-01,
         5.82898555299703913235e-01,  5.82725936730769111804e-01,
         5.82541453645303741737e-01,  5.82345114078534176194e-01,
         5.82136926581746427800e-01,  5.81916900221852717578e-01,
         5.81685044580920851409e-01,  5.81441369755679060560e-01,
         5.81185886357001302294e-01,  5.80918605509354590843e-01,
         5.80639538850231895495e-01,  5.80348698529536854984e-01,
         5.80046097208974265058e-01,  5.79731748061375951053e-01,
         5.79405664770027195587e-01,  5.79067861527954752532e-01,
         5.78718353037186661325e-01,  5.78357154507985860015e-01,
         5.77984281658059928510e-01,  5.77599750711736414921e-01,
         5.77203578399113514941e-01,  5.76795781955186881440e-01,
         5.76376379118937576251e-01,  5.75945388132404145765e-01,
         5.75502827739723388234e-01,  5.75048717186132152257e-01,
         5.74583076216953148041e-01,  5.74105925076549006292e-01,
         5.73617284507243363478e-01,  5.73117175748222629217e-01,
         5.72605620534394788024e-01,  5.72082641095227550920e-01,
         5.71548260153565523822e-01,  5.71002500924395528514e-01,
         5.70445387113609037044e-01,  5.69876942916708872922e-01,
         5.69297193017513469826e-01,  5.68706162586807506543e-01,
         5.68103877280971891750e-01,  5.67490363240589434923e-01,
         5.66865647089008772852e-01,  5.66229755930895084504e-01,
         5.65582717350722297134e-01,  5.64924559411263516040e-01,
         5.64255310652037711527e-01,  5.63575000087721766917e-01,
         5.62883657206539433915e-01,  5.62181311968620867070e-01,
         5.61467994804313086377e-01,  5.60743736612487220228e-01,
         5.60008568758790903352e-01,  5.59262523073874917579e-01,
         5.58505631851604289473e-01,  5.57737927847207992649e-01,
         5.56959444275426651672e-01,  5.56170214808608287527e-01,
         5.55370273574783634984e-01,  5.54559655155698605355e-01,
         5.53738394584830317946e-01,  5.52906527345356835212e-01,
         5.52064089368100030519e-01,  5.51211117029444253035e-01,
         5.50347647149205032591e-01,  5.49473716988488791735e-01,
         5.48589364247497268678e-01,  5.47694627063325056859e-01,
         5.46789544007698413708e-01,  5.45874154084706075807e-01,
         5.44948496728487330465e-01,  5.44012611800886558555e-01,
         5.43066539589082464268e-01,  5.42110320803187106797e-01,
         5.41143996573807628536e-01,  5.40167608449579561558e-01,
         5.39181198394672600571e-01,  5.38184808786265622693e-01,
         5.37178482411993174495e-01,  5.36162262467344774564e-01,
         5.35136192553068434918e-01,  5.34100316672517227978e-01,
         5.33054679228970762495e-01,  5.31999325022939228980e-01,
         5.30934299249434804580e-01,  5.29859647495206864676e-01,
         5.28775415735961762387e-01,  5.27681650333543195153e-01,
         5.26578398033106132026e-01,  5.25465705960234230609e-01,
         5.24343621618063360224e-01,  5.23212192884356608324e-01,
         5.22071468008565853225e-01,  5.20921495608866913507e-01,
         5.19762324669170827640e-01,  5.18594004536108488246e-01,
         5.17416584915999289152e-01,  5.16230115871794348337e-01,
         5.15034647819995416995e-01,  5.13830231527559022631e-01,
         5.12616918108773855778e-01,  5.11394759022122169512e-01,
         5.10163806067127745258e-01,  5.08924111381169108625e-01,
         5.07675727436293855455e-01,  5.06418707036001225497e-01,
         5.05153103312021789506e-01,  5.03878969721065606002e-01,
         5.02596360041568601673e-01,  5.01305328370418079587e-01,
         5.00005929119668235394e-01,  4.98698217013232802941e-01,
         4.97382247083582695879e-01,  4.96058074668413950814e-01,
         4.94725755407315337386e-01,  4.93385345238420480740e-01,
         4.92036900395058596214e-01,  4.90680477402378745211e-01,
         4.89316133073985748414e-01,  4.87943924508556725606e-01,
         4.86563909086445811614e-01,  4.85176144466299974489e-01,
         4.83780688581648299351e-01,  4.82377599637499543395e-01,
         4.80966936106931308714e-01,  4.79548756727666947164e-01,
         4.78123120498666787093e-01,  4.76690086676692603707e-01,
         4.75249714772888076642e-01,  4.73802064549352641709e-01,
         4.72347196015702686100e-01,  4.70885169425646232799e-01,
         4.69416045273547744010e-01,  4.67939884290995644633e-01,
         4.66456747443362240713e-01,  4.64966695926378958958e-01,
         4.63469791162695932130e-01,  4.61966094798450965797e-01,
         4.60455668699837505908e-01,  4.58938574949673494530e-01,
         4.57414875843971391323e-01,  4.55884633888508028488e-01,
         4.54347911795403291979e-01,  4.52804772479688644182e-01,
         4.51255279055888691708e-01,  4.49699494834600255189e-01,
         4.48137483319069662713e-01,  4.46569308201779036072e-01,
         4.44995033361030967178e-01,  4.43414722857533860623e-01,
         4.41828440930991328539e-01,  4.40236251996691030364e-01,
         4.38638220642105003400e-01,  4.37034411623468677099e-01,
         4.35424889862386921280e-01,  4.33809720442431323573e-01,
         4.32188968605726864247e-01,  4.30562699749557020734e-01,
         4.28930979422961711212e-01,  4.27293873323330408720e-01,
         4.25651447293006190975e-01,  4.24003767315879465105e-01,
         4.22350899513980915234e-01,  4.20692910144083831447e-01,
         4.19029865594294448350e-01,  4.17361832380639508067e-01,
         4.15688877143662149916e-01,  4.14011066645001979403e-01,
         4.12328467763980466287e-01,  4.10641147494183178512e-01,
         4.08949172940031691059e-01,  4.07252611313354329070e-01,
         4.05551529929952081499e-01,  4.03845996206162571873e-01,
         4.02136077655409152065e-01,  4.00421841884755214114e-01,
         3.98703356591440627454e-01,  3.96980689559420452106e-01,
         3.95253908655892272073e-01,  3.93523081827812315492e-01,
         3.91788277098408965760e-01,  3.90049562563688778649e-01,
         3.88307006388921793771e-01,  3.86560676805134728617e-01,
         3.84810642105581801609e-01,  3.83056970642207894606e-01,
         3.81299730822108773332e-01,  3.79538991103968603724e-01,
         3.77774819994500132836e-01,  3.76007286044863442420e-01,
         3.74236457847080539185e-01,  3.72462404030433014146e-01,
         3.70685193257852874105e-01,  3.68904894222303381124e-01,
         3.67121575643142850076e-01,  3.65335306262479009298e-01,
         3.63546154841519308931e-01,  3.61754190156893418173e-01,
         3.59959480996986935786e-01,  3.58162096158240683685e-01,
         3.56362104441459048854e-01,  3.54559574648097231009e-01,
         3.52754575576533002668e-01,  3.50947176018346962412e-01,
         3.49137444754571590888e-01,  3.47325450551944969746e-01,
         3.45511262159153176299e-01,  3.43694948303058078753e-01,
         3.41876577684923577127e-01,  3.40056218976632906870e-01,
         3.38233940816896450077e-01,  3.36409811807455827459e-01,
         3.34583900509284881686e-01,  3.32756275438772342046e-01,
         3.30927005063925527839e-01,  3.29096157800543631655e-01,
         3.27263802008403326127e-01,  3.25430005987438986104e-01,
         3.23594837973925186780e-01,  3.21758366136654316847e-01,
         3.19920658573113303458e-01,  3.18081783305669718587e-01,
         3.16241808277758773560e-01,  3.14400801350062930606e-01,
         3.12558830296714940111e-01,  3.10715962801488332357e-01,
         3.08872266454009725134e-01,  3.07027808745967134563e-01,
         3.05182657067336438050e-01,  3.03336878702610723835e-01,
         3.01490540827045572225e-01,  2.99643710502914717431e-01,
         2.97796454675779198595e-01,  2.95948840170771776403e-01,
         2.94100933688893451112e-01,  2.92252801803335404696e-01,
         2.90404510955803440986e-01,  2.88556127452879673800e-01,
         2.86707717462394651164e-01,  2.84859347009814356522e-01,
         2.83011081974660516636e-01,  2.81162988086952336797e-01,
         2.79315130923666388174e-01,  2.77467575905227525901e-01,
         2.75620388292021734067e-01,  2.73773633180940889620e-01,
         2.71927375501950174819e-01,  2.70081680014691072333e-01,
         2.68236611305107619518e-01,  2.66392233782109078000e-01,
         2.64548611674257527770e-01,  2.62705809026497372205e-01,
         2.60863889696907380600e-01,  2.59022917353491644032e-01,
         2.57182955471007723691e-01,  2.55344067327824719715e-01,
         2.53506316002816090016e-01,  2.51669764372293158772e-01,
         2.49834475106974013281e-01,  2.48000510668983042972e-01,
         2.46167933308896552669e-01,  2.44336805062820072720e-01,
         2.42507187749502417518e-01,  2.40679142967493570060e-01,
         2.38852732092333569502e-01,  2.37028016273784836176e-01,
         2.35205056433097248192e-01,  2.33383913260317071847e-01,
         2.31564647211628116263e-01,  2.29747318506735326293e-01,
         2.27931987126283847056e-01,  2.26118712809312477630e-01,
         2.24307555050750589976e-01,  2.22498573098946078597e-01,
         2.20691825953232473312e-01,  2.18887372361530052611e-01,
         2.17085270817983788660e-01,  2.15285579560634987573e-01,
         2.13488356569126819240e-01,  2.11693659562445929412e-01,
         2.09901545996691335505e-01,  2.08112073062882485530e-01,
         2.06325297684792491326e-01,  2.04541276516817083220e-01,
         2.02760065941867767547e-01,  2.00981722069298124334e-01,
         1.99206300732858415659e-01,  1.97433857488673286662e-01,
         1.95664447613248831948e-01,  1.93898126101504114649e-01,
         1.92134947664827415714e-01,  1.90374966729153771716e-01,
         1.88618237433067492681e-01,  1.86864813625924774954e-01,
         1.85114748865994049876e-01,  1.83368096418620646348e-01,
         1.81624909254405275671e-01,  1.79885240047401584462e-01,
         1.78149141173331082566e-01,  1.76416664707808146240e-01,
         1.74687862424586864973e-01,  1.72962785793814410873e-01,
         1.71241485980301644254e-01,  1.69524013841799242597e-01,
         1.67810419927292564513e-01,  1.66100754475295431245e-01,
         1.64395067412164697096e-01,  1.62693408350411211627e-01,
         1.60995826587025409049e-01,  1.59302371101807699327e-01,
         1.57613090555701218509e-01,  1.55928033289133183281e-01,
         1.54247247320359048839e-01,  1.52570780343811024382e-01,
         1.50898679728449364168e-01,  1.49230992516115545943e-01,
         1.47567765419888419220e-01,  1.45909044822444794454e-01,
         1.44254876774414869667e-01,  1.42605306992749203410e-01,
         1.40960380859074696502e-01,  1.39320143418061814788e-01,
         1.37684639375788703264e-01,  1.36053913098103385071e-01,
         1.34428008608991456097e-01,  1.32806969588944029370e-01,
         1.31190839373323347994e-01,  1.29579660950732616920e-01,
         1.27973476961388082929e-01,  1.26372329695491669721e-01,
         1.24776261091604820375e-01,  1.23185312735028362763e-01,
         1.21599525856183846018e-01,  1.20018941328998832163e-01,
         1.18443599669295185350e-01,  1.16873541033188102500e-01,
         1.15308805215484325157e-01,  1.13749431648091800517e-01,
         1.12195459398435504195e-01,  1.10646927167881659049e-01,
         1.09103873290172320720e-01,  1.07566335729869136384e-01,
         1.06034352080810551078e-01,  1.04507959564579991363e-01,
         1.02987195028988967604e-01,  1.01472094946573859753e-01,
         9.99626954131106054691e-02,  9.84590321461452228080e-02,
         9.69611404835430956695e-02,  9.54690553820583126532e-02,
         9.39828114159253630300e-02,  9.25024427754706501936e-02,
         9.10279832657493320758e-02,  8.95594663052078354681e-02,
         8.80969249243706981067e-02,  8.66403917645571230999e-02,
         8.51898990766261632324e-02,  8.37454787197496886009e-02,
         8.23071621602216724201e-02,  8.08749804702963009939e-02,
         7.94489643270626516580e-02,  7.80291440113543149915e-02,
         7.66155494066951131549e-02,  7.52082099982835650120e-02,
         7.38071548720174441804e-02,  7.24124127135561956869e-02,
         7.10240118074271370441e-02,  6.96419800361738755567e-02,
         6.82663448795471500263e-02,  6.68971334137414830323e-02,
         6.55343723106773801135e-02,  6.41780878373292285044e-02,
         6.28283058551014766957e-02,  6.14850518192525744010e-02,
         6.01483507783675264147e-02,  5.88182273738804689556e-02,
         5.74947058396474974806e-02,  5.61778100015695378011e-02,
         5.48675632772675780924e-02,  5.35639886758080899232e-02,
         5.22671087974819412181e-02,  5.09769458336344141736e-02,
         4.96935215665486318404e-02,  4.84168573693803672153e-02,
         4.71469742061469063166e-02,  4.58838926317674880573e-02,
         4.46276327921570556412e-02,  4.33782144243712308729e-02,
         4.21356568568054742907e-02,  4.08999790094432824628e-02,
         3.96711993941588486612e-02,  3.84493361150677337434e-02,
         3.72344068689304391606e-02,  3.60264289456041775228e-02,
         3.48254192285447281008e-02,  3.36313941953556780340e-02,
         3.24443699183865896796e-02,  3.12643620653766524109e-02,
         3.00913859001447278607e-02,  2.89254562833235751018e-02,
         2.77665876731384569931e-02,  2.66147941262278552033e-02,
         2.54700892985053016504e-02,  2.43324864460616532846e-02,
         2.32019984261066965214e-02,  2.20786376979467090231e-02,
         2.09624163240001160080e-02,  1.98533459708462103888e-02,
         1.87514379103081232913e-02,  1.76567030205673526633e-02,
         1.65691517873083719870e-02,  1.54887943048921880584e-02,
         1.44156402775570870872e-02,  1.33496990206448326588e-02,
         1.22909794618511689079e-02,  1.12394901424984726412e-02,
         1.01952392188294563291e-02,  9.15823446331994438230e-03,
         8.12848326600931238295e-03,  7.10599263584696730356e-03,
         6.09076920205323200236e-03,  5.08281921549314213288e-03,
         4.08214855006135048793e-03,  3.08876270407711312274e-03,
         2.10266680168720316441e-03,  1.12386559427580384751e-03,
         1.52363461879644643097e-04, -8.11835585392932271125e-04,
        -1.76872790594034281185e-03, -2.71831022524495402246e-03,
        -3.66057963445027808105e-03, -4.59553358893947331426e-03,
        -5.52316990691636370420e-03, -6.44348676798991298886e-03,
        -7.35648271176340701888e-03, -8.26215663642934639022e-03,
        -9.16050779737071461939e-03, -1.00515358057697620081e-02,
        -1.09352406272250572000e-02, -1.18116225803774638897e-02,
        -1.26806823355455899893e-02, -1.35424209133714959497e-02,
        -1.43968396834771982656e-02, -1.52439403631320080645e-02,
        -1.60837250159313674414e-02, -1.69161960504876848765e-02,
        -1.77413562191324480910e-02, -1.85592086166310558937e-02,
        -1.93697566789090003248e-02, -2.01730041817905075829e-02,
        -2.09689552397486177193e-02, -2.17576143046671957593e-02,
        -2.25389861646140242379e-02, -2.33130759426248591881e-02,
        -2.40798890954983316193e-02, -2.48394314126000499698e-02,
        -2.55917090146772774339e-02, -2.63367283526808985961e-02,
        -2.70744962065964378528e-02, -2.78050196842819681564e-02,
        -2.85283062203119386346e-02, -2.92443635748270772123e-02,
        -2.99531998323877071688e-02, -3.06548234008313866261e-02,
        -3.13492430101319635716e-02, -3.20364677112603205011e-02,
        -3.27165068750443835399e-02, -3.33893701910279658285e-02,
        -3.40550676663274043410e-02, -3.47136096244830480440e-02,
        -3.53650067043067839467e-02, -3.60092698587213197459e-02,
        -3.66464103535928537037e-02, -3.72764397665525173964e-02,
        -3.78993699858083052390e-02, -3.85152132089430498940e-02,
        -3.91239819416996092993e-02, -3.97256889967491991222e-02,
        -4.03203474924452714978e-02, -4.09079708515556056403e-02,
        -4.14885727999767320306e-02, -4.20621673654272831833e-02,
        -4.26287688761165170503e-02, -4.31883919593912188328e-02,
        -4.37410515403549790547e-02, -4.42867628404618116078e-02,
        -4.48255413760806284418e-02, -4.53574029570312647897e-02,
        -4.58823636850891752870e-02, -4.64004399524576838232e-02,
        -4.69116484402085712202e-02, -4.74160061166867333182e-02,
        -4.79135302358814213486e-02, -4.84042383357603453464e-02,
        -4.88881482365662520251e-02, -4.93652780390773787689e-02,
        -4.98356461228277175524e-02, -5.02992711442873316474e-02,
        -5.07561720350057921092e-02, -5.12063679997113649356e-02,
        -5.16498785143716596102e-02, -5.20867233242120197811e-02,
        -5.25169224416925581322e-02, -5.29404961444429958406e-02,
        -5.33574649731559796928e-02, -5.37678497294378568427e-02,
        -5.41716714736173513001e-02, -5.45689515225135646226e-02,
        -5.49597114471601019825e-02, -5.53439730704906110437e-02,
        -5.57217584649808764241e-02, -5.60930899502516955302e-02,
        -5.64579900906317933007e-02, -5.68164816926811575004e-02,
        -5.71685878026760227466e-02, -5.75143317040563220588e-02,
        -5.78537369148359806315e-02, -5.81868271849772591975e-02,
        -5.85136264937315617174e-02, -5.88341590469447367484e-02,
        -5.91484492743316950247e-02, -5.94565218267191983315e-02,
        -5.97584015732585752123e-02, -6.00541135986107227351e-02,
        -6.03436832001038661599e-02, -6.06271358848662761387e-02,
        -6.09044973669349842815e-02, -6.11757935643429048844e-02,
        -6.14410505961841962863e-02, -6.17002947796634060307e-02,
        -6.19535526271253675357e-02, -6.22008508430713855097e-02,
        -6.24422163211616892964e-02, -6.26776761412068811330e-02,
        -6.29072575661495658750e-02, -6.31309880390388128424e-02,
        -6.33488951799989624680e-02, -6.35610067831941794037e-02,
        -6.37673508137921174477e-02, -6.39679554049275567174e-02,
        -6.41628488546675673776e-02, -6.43520596229812669176e-02,
        -6.45356163287163081543e-02, -6.47135477465812514186e-02,
        -6.48858828041393442820e-02, -6.50526505788131814700e-02,
        -6.52138802949036311407e-02, -6.53696013206217230174e-02,
        -6.55198431651402846132e-02, -6.56646354756612454784e-02,
        -6.58040080345060479639e-02, -6.59379907562249456543e-02,
        -6.60666136847312540636e-02, -6.61899069904607062487e-02,
        -6.63079009675550529179e-02, -6.64206260310747365061e-02,
        -6.65281127142397649132e-02, -6.66303916657005890212e-02,
        -6.67274936468394835876e-02, -6.68194495291037776630e-02,
        -6.69062902913741958111e-02, -6.69880470173623843166e-02,
        -6.70647508930489050227e-02, -6.71364332041512190674e-02,
        -6.72031253336305700596e-02, -6.72648587592344499031e-02,
        -6.73216650510751885017e-02, -6.73735758692460412478e-02,
        -6.74206229614754959378e-02, -6.74628381608163990579e-02,
        -6.75002533833757439874e-02, -6.75329006260794173500e-02,
        -6.75608119644751786703e-02, -6.75840195505721247349e-02,
        -6.76025556107178599019e-02, -6.76164524435103608813e-02,
        -6.76257424177469229631e-02, -6.76304579704067182488e-02,
        -6.76306316046701438971e-02, -6.76262958879686876257e-02,
        -6.76174834500703064721e-02, -6.76042269811950036207e-02,
        -6.75865592301627404748e-02, -6.75645130025689794051e-02,
        -6.75381211589910351867e-02, -6.75074166132204889212e-02,
        -6.74724323305230105907e-02, -6.74332013259213575163e-02,
        -6.73897566625032556908e-02, -6.73421314497498202378e-02,
        -6.72903588418871795307e-02, -6.72344720362530595681e-02,
        -6.71745042716848511644e-02, -6.71104888269203198048e-02,
        -6.70424590190151770130e-02, -6.69704482017704078034e-02,
        -6.68944897641734759208e-02, -6.68146171288458573523e-02,
        -6.67308637504999968559e-02, -6.66432631144017462166e-02,
        -6.65518487348361331701e-02, -6.64566541535759336412e-02,
        -6.63577129383516040040e-02, -6.62550586813190067748e-02,
        -6.61487249975256513812e-02, -6.60387455233721609726e-02,
        -6.59251539150677856593e-02, -6.58079838470788519578e-02,
        -6.56872690105678169736e-02, -6.55630431118231077336e-02,
        -6.54353398706751659963e-02, -6.53041930189006275542e-02,
        -6.51696362986121519034e-02, -6.50317034606311128453e-02,
        -6.48904282628443990211e-02, -6.47458444685425488219e-02,
        -6.45979858447382621067e-02, -6.44468861604657883291e-02,
        -6.42925791850575689690e-02, -6.41350986864002853283e-02,
        -6.39744784291664952969e-02, -6.38107521730249954706e-02,
        -6.36439536708243158714e-02, -6.34741166667542738855e-02,
        -6.33012748944811048935e-02, -6.31254620752568496034e-02,
        -6.29467119160043997450e-02, -6.27650581073762453554e-02,
        -6.25805343217869791683e-02, -6.23931742114225834639e-02,
        -6.22030114062253336460e-02, -6.20100795118465816791e-02,
        -6.18144121075765509699e-02, -6.16160427442516492325e-02,
        -6.14150049421360172408e-02, -6.12113321887816849709e-02,
        -6.10050579368652395873e-02, -6.07962156020016158964e-02,
        -6.05848385605381803409e-02, -6.03709601473284354634e-02,
        -6.01546136534853170819e-02, -5.99358323241189760999e-02,
        -5.97146493560555963187e-02, -5.94910978955419805780e-02,
        -5.92652110359359329816e-02, -5.90370218153835613073e-02,
        -5.88065632144855118812e-02, -5.85738681539545932853e-02,
        -5.83389694922631582563e-02, -5.81019000232865720501e-02,
        -5.78626924739401582443e-02, -5.76213795018142016513e-02,
        -5.73779936928078340697e-02, -5.71325675587631212626e-02,
        -5.68851335351018214115e-02, -5.66357239784666677274e-02,
        -5.63843711643696524072e-02, -5.61311072848469858054e-02,
        -5.58759644461263790816e-02, -5.56189746663041731378e-02,
        -5.53601698730385172187e-02, -5.50995819012576673601e-02,
        -5.48372424908858333015e-02, -5.45731832845897865680e-02,
        -5.43074358255471456580e-02, -5.40400315552373583516e-02,
        -5.37710018112592322281e-02, -5.35003778251756587081e-02,
        -5.32281907203861689992e-02, -5.29544715100328799995e-02,
        -5.26792510949357153938e-02, -5.24025602615648955496e-02,
        -5.21244296800468034925e-02, -5.18448899022090348154e-02,
        -5.15639713596620224978e-02, -5.12817043619233012275e-02,
        -5.09981190945811499460e-02, -5.07132456175021575917e-02,
        -5.04271138630823859139e-02, -5.01397536345432257021e-02,
        -4.98511946042736187046e-02, -4.95614663122193113698e-02,
        -4.92705981643198689945e-02, -4.89786194309934155844e-02,
        -4.86855592456722219286e-02, -4.83914466033865744987e-02,
        -4.80963103593997562402e-02, -4.78001792278930498492e-02,
        -4.75030817807023733601e-02, -4.72050464461058472132e-02,
        -4.69061015076618278985e-02, -4.66062751030994135149e-02,
        -4.63055952232587636486e-02, -4.60040897110833499339e-02,
        -4.57017862606622776722e-02, -4.53987124163231087204e-02,
        -4.50948955717739227711e-02, -4.47903629692949709074e-02,
        -4.44851416989789569256e-02, -4.41792586980185794654e-02,
        -4.38727407500410365726e-02, -4.35656144844890971801e-02,
        -4.32579063760462900756e-02, -4.29496427441059883123e-02,
        -4.26408497522842641625e-02, -4.23315534079727884276e-02,
        -4.20217795619328704504e-02, -4.17115539079275718382e-02,
        -4.14009019823916163405e-02, -4.10898491641370419702e-02,
        -4.07784206740927981927e-02, -4.04666415750778510341e-02,
        -4.01545367716037299166e-02, -3.98421310097084035995e-02,
        -3.95294488768167459614e-02, -3.92165148016258152674e-02,
        -3.89033530540165983780e-02, -3.85899877449862177548e-02,
        -3.82764428266007677992e-02, -3.79627420919672955990e-02,
        -3.76489091752225737975e-02, -3.73349675515356055344e-02,
        -3.70209405371251382144e-02, -3.67068512892860868146e-02,
        -3.63927228064273439179e-02, -3.60785779281156335219e-02,
        -3.57644393351260400649e-02, -3.54503295494959791423e-02,
        -3.51362709345814580586e-02, -3.48222856951141135351e-02,
        -3.45083958772565840833e-02, -3.41946233686555717268e-02,
        -3.38809898984901644581e-02, -3.35675170375144410473e-02,
        -3.32542261980920753062e-02, -3.29411386342234116520e-02,
        -3.26282754415610776189e-02, -3.23156575574142582163e-02,
        -3.20033057607411394740e-02, -3.16912406721266831644e-02,
        -3.13794827537457257649e-02, -3.10680523093097744891e-02,
        -3.07569694839979375367e-02, -3.04462542643687307520e-02,
        -3.01359264782550852202e-02, -2.98260057946379657234e-02,
        -2.95165117235029854370e-02, -2.92074636156746808568e-02,
        -2.88988806626307818959e-02, -2.85907818962960469378e-02,
        -2.82831861888140911887e-02, -2.79761122522988632533e-02,
        -2.76695786385636396942e-02, -2.73636037388295325079e-02,
        -2.70582057834125797036e-02, -2.67534028413896306231e-02,
        -2.64492128202441431628e-02, -2.61456534654911192106e-02,
        -2.58427423602823093385e-02, -2.55404969249929114650e-02,
        -2.52389344167889377590e-02, -2.49380719291770434898e-02,
        -2.46379263915374041582e-02, -2.43385145686405533760e-02,
        -2.40398530601488059910e-02, -2.37419583001036299530e-02,
        -2.34448465564003130646e-02, -2.31485339302503825842e-02,
        -2.28530363556332695441e-02, -2.25583695987393445526e-02,
        -2.22645492574040197720e-02, -2.19715907605360152854e-02,
        -2.16795093675395331156e-02, -2.13883201677339054858e-02,
        -2.10980380797700789453e-02, -2.08086778510465850167e-02,
        -2.05202540571268604586e-02, -2.02327811011588608314e-02,
        -1.99462732132986257649e-02, -1.96607444501401933123e-02,
        -1.93762086941521929906e-02, -1.90926796531247118527e-02,
        -1.88101708596256564365e-02, -1.85286956704707565791e-02,
        -1.82482672662069543568e-02, -1.79688986506120508546e-02,
        -1.76906026502115440446e-02, -1.74133919138148539341e-02,
        -1.71372789120717884670e-02, -1.68622759370518453259e-02,
        -1.65883951018468839278e-02, -1.63156483401993325499e-02,
        -1.60440474061573079556e-02, -1.57736038737577993762e-02,
        -1.55043291367396238178e-02, -1.52362344082873826107e-02,
        -1.49693307208076924891e-02, -1.47036289257389124474e-02,
        -1.44391396933955667992e-02, -1.41758735128486249716e-02,
        -1.39138406918426528469e-02, -1.36530513567507862799e-02,
        -1.33935154525685311960e-02, -1.31352427429469887504e-02,
        -1.28782428102668811826e-02, -1.26225250557529828505e-02,
        -1.23680986996310554593e-02, -1.21149727813264131843e-02,
        -1.18631561597053528101e-02, -1.16126575133598131800e-02,
        -1.13634853409352101772e-02, -1.11156479615020006152e-02,
        -1.08691535149709039149e-02, -1.06240099625518856497e-02,
        -1.03802250872569619411e-02, -1.01378064944463563285e-02,
        -9.89676161241865096074e-03, -9.65709769304345932994e-03,
        -9.41882181243716698482e-03, -9.18194087168110184560e-03,
        -8.94646159758131533091e-03, -8.71239054346968980203e-03,
        -8.47973409004558822955e-03, -8.24849844625722902758e-03,
        -8.01868965022210083982e-03, -7.79031357018543021975e-03,
        -7.56337590551567264668e-03, -7.33788218773619334290e-03,
        -7.11383778159187154383e-03, -6.89124788614947983434e-03,
        -6.67011753593078123709e-03, -6.45045160207679667969e-03,
        -6.23225479354231649831e-03, -6.01553165831875038400e-03,
        -5.80028658468450478841e-03, -5.58652380248078270220e-03,
        -5.37424738441184563636e-03, -5.16346124736793542914e-03,
        -4.95416915376918967628e-03, -4.74637471292920030269e-03,
        -4.54008138243635912118e-03, -4.33529246955145688286e-03,
        -4.13201113261978721786e-03, -3.93024038249611094853e-03,
        -3.72998308398073174022e-03, -3.53124195726504334220e-03,
        -3.33401957938470484138e-03, -3.13831838567885101909e-03,
        -2.94414067125355061183e-03, -2.75148859244780333994e-03,
        -2.56036416830041513998e-03, -2.37076928201596396836e-03,
        -2.18270568242835347195e-03, -1.99617498546008926424e-03,
        -1.81117867557584167303e-03, -1.62771810722858690720e-03,
        -1.44579450629671421753e-03, -1.26540897151071712705e-03,
        -1.08656247586782551441e-03, -9.09255868033113576199e-04,
        -7.33489873725785227615e-04, -5.59265097089111794422e-04,
        -3.86582022042807581241e-04, -2.15441013616482073293e-04,
        -4.58423192629872825843e-05,  1.22213929849521142027e-04,
         2.88727717567933148471e-04,  4.53699141507989578588e-04,
         6.17128411832552643129e-04,  7.79015850055254249241e-04,
         9.39361887870384520971e-04,  1.09816706600987805571e-03,
         1.25543203312802323021e-03,  1.41115754471469231207e-03,
         1.56534446203751738402e-03,  1.71799375111374272480e-03,
         1.86910648171197948594e-03,  2.01868382638442991905e-03,
         2.16672705952972773774e-03,  2.31323755648676129132e-03,
         2.45821679265947976717e-03,  2.60166634267294631655e-03,
         2.74358787956041107192e-03,  2.88398317398156798716e-03,
         3.02285409347166416846e-03,  3.16020260176556313722e-03,
         3.29603075829261156840e-03,  3.43034071759890438202e-03,
         3.56313472876248560697e-03,  3.69441513483750828481e-03,
         3.82418437232647824564e-03,  3.95244497067946936458e-03,
         4.07919955181927553628e-03,  4.20445082969130457667e-03,
         4.32820160983687918232e-03,  4.45045478898879309088e-03,
         4.57121335468746621544e-03,  4.69048038491654776388e-03,
         4.80825904775624823201e-03,  4.92455260105285463207e-03,
         5.03936439210295010482e-03,  5.15269785735050257769e-03,
         5.26455652209530805541e-03,  5.37494400021074677370e-03,
         5.48386399386964484837e-03,  5.59132029327568357002e-03,
         5.69731677639933285773e-03,  5.80185740871581433903e-03,
         5.90494624294378694235e-03,  6.00658741878242006390e-03,
         6.10678516264549949011e-03,  6.20554378739025802592e-03,
         6.30286769203949361062e-03,  6.39876136149491493710e-03,
         6.49322936623984367510e-03,  6.58627636202989419356e-03,
         6.67790708956943462188e-03,  6.76812637417228881581e-03,
         6.85693912540519083521e-03,  6.94435033671200307309e-03,
         7.03036508501742908595e-03,  7.11498853030854278012e-03,
         7.19822591519266551108e-03,  7.28008256443025882770e-03,
         7.36056388444136528576e-03,  7.43967536278443593301e-03,
         7.51742256760638480340e-03,  7.59381114706242279361e-03,
         7.66884682870512535136e-03,  7.74253541884132277795e-03,
         7.81488280185623808427e-03,  7.88589493950377952436e-03,
         7.95557787016268336266e-03,  8.02393770805754670550e-03,
         8.09098064244435227765e-03,  8.15671293676012779117e-03,
         8.22114092773639122680e-03,  8.28427102447614263636e-03,
         8.34610970749415440051e-03,  8.40666352772083055878e-03,
         8.46593910546952592433e-03,  8.52394312936724692087e-03,
         8.58068235524977671047e-03,  8.63616360502064348004e-03,
         8.69039376547506466075e-03,  8.74337978708938229344e-03,
         8.79512868277624627888e-03,  8.84564752660682053487e-03,
         8.89494345250058278396e-03,  8.94302365288365645746e-03,
         8.98989537731689769551e-03,  9.03556593109469154135e-03,
         9.08004267381579133200e-03,  9.12333301792733926405e-03,
         9.16544442724366061059e-03,  9.20638441544098691527e-03,
         9.24616054453003370639e-03,  9.28478042330741978883e-03,
         9.32225170578816937639e-03,  9.35858208962076464077e-03,
         9.39377931448627523370e-03,  9.42785116048374879916e-03,
         9.46080544650350005464e-03,  9.49265002859021704562e-03,
         9.52339279829798705801e-03,  9.55304168103861435501e-03,
         9.58160463442639907805e-03,  9.60908964661976588983e-03,
         9.63550473466344079010e-03,  9.66085794283166703067e-03,
         9.68515734097590008655e-03,  9.70841102287788026981e-03,
         9.73062710461075446033e-03,  9.75181372291019504805e-03,
         9.77197903355718315577e-03,  9.79113120977504261533e-03,
         9.80927844064189043138e-03,  9.82642892952135388329e-03,
         9.84259089251251703678e-03,  9.85777255692168487278e-03,
         9.87198215975742740524e-03,  9.88522794625064545049e-03,
         9.89751816840153675336e-03,  9.90886108355479473808e-03,
         9.91926495300515104203e-03,  9.92873804063412572496e-03,
         9.93728861157990722708e-03,  9.94492493094167699652e-03,
         9.95165526251910043110e-03,  9.95748786758937978747e-03,
         9.96243100372148741861e-03,  9.96649292362989172589e-03,
         9.96968187406807766771e-03,  9.97200609476268581832e-03,
         9.97347381738938193463e-03,  9.97409326459088377281e-03,
         9.97387264903756148859e-03,  9.97282017253144949243e-03,
         9.97094402515381374175e-03,  9.96825238445632998141e-03,
         9.96475341469662233285e-03,  9.96045526611743017864e-03,
         9.95536607427006774163e-03,  9.94949395938156747055e-03,
         9.94284702576559223375e-03,  9.93543336127623855081e-03,
         9.92726103680505352067e-03,  9.91833810581988634114e-03,
         9.90867260394567156423e-03,  9.89827254858577712526e-03,
         9.88714593858351815936e-03,  9.87530075392260321687e-03,
         9.86274495546581204952e-03,  9.84948648473045300367e-03,
         9.83553326369980378263e-03,  9.82089319466866728092e-03,
         9.80557416012269554562e-03,  9.78958402264879998245e-03,
         9.77293062487642576197e-03,  9.75562178944711609618e-03,
         9.73766531901141228766e-03,  9.71906899625128717357e-03,
         9.69984058392603896992e-03,  9.67998782494048845559e-03,
         9.65951844243325211115e-03,  9.63844013988322464992e-03,
         9.61676060123279989600e-03,  9.59448749102541527389e-03,
         9.57162845455595753807e-03,  9.54819111803174858100e-03,
         9.52418308874235751416e-03,  9.49961195523616429293e-03,
         9.47448528750193495751e-03,  9.44881063715306140915e-03,
         9.42259553761278303985e-03,  9.39584750429865896149e-03,
         9.36857403480374772986e-03,  9.34078260907336178909e-03,
         9.31248068957479802066e-03,  9.28367572145892896995e-03,
         9.25437513271115848312e-03,  9.22458633429068010356e-03,
         9.19431672025562696238e-03,  9.16357366787331172053e-03,
         9.13236453771295968174e-03,  9.10069667372036088249e-03,
         9.06857740327236643008e-03,  9.03601403721001825153e-03,
         9.00301386984899212895e-03,  8.96958417896625941068e-03,
         8.93573222576126736938e-03,  8.90146525479133289560e-03,
         8.86679049387959633544e-03,  8.83171515399483290920e-03,
         8.79624642910248506766e-03,  8.76039149598580729750e-03,
         8.72415751403681979936e-03,  8.68755162501639276174e-03,
         8.65058095278291305785e-03,  8.61325260298928009617e-03,
         8.57557366274809551587e-03,  8.53755120026456273963e-03,
         8.49919226443746414490e-03,  8.46050388442779431608e-03,
         8.42149306919570510288e-03,  8.38216680700539472360e-03,
         8.34253206489895225706e-03,  8.30259578813899098981e-03,
         8.26236489962102124696e-03,  8.22184629925597557087e-03,
         8.18104686332360962753e-03,  8.13997344379771732570e-03,
         8.09863286764396159145e-03,  8.05703193609119683316e-03,
         8.01517742387768475365e-03,  7.97307607847286964331e-03,
         7.93073461927640104008e-03,  7.88815973679540295704e-03,
         7.84535809180140347729e-03,  7.80233631446850765118e-03,
         7.75910100349411040177e-03,  7.71565872520381130367e-03,
         7.67201601264213065012e-03,  7.62817936465069040830e-03,
         7.58415524493551845842e-03,  7.53995008112529584154e-03,
         7.49557026382220714655e-03,  7.45102214564740458064e-03,
         7.40631204028276320106e-03,  7.36144622151077652333e-03,
         7.31643092225469585804e-03,  7.27127233362044947396e-03,
         7.22597660394272423012e-03,  7.18054983783653066887e-03,
         7.13499809525672355065e-03,  7.08932739056697663188e-03,
         7.04354369162026733298e-03,  6.99765291885270489941e-03,
         6.95166094439254086262e-03,  6.90557359118616157639e-03,
         6.85939663214298576965e-03,  6.81313578930068091538e-03,
         6.76679673301280697195e-03,  6.72038508116030910283e-03,
         6.67390639838854379112e-03,  6.62736619537131980279e-03,
         6.58076992810362974146e-03,  6.53412299722434027766e-03,
         6.48743074737022709653e-03,  6.44069846656292188669e-03,
         6.39393138562947306591e-03,  6.34713467765838333656e-03,
         6.30031345749143632112e-03,  6.25347278125307041996e-03,
         6.20661764591760433535e-03,  6.15975298891543489310e-03,
         6.11288368777901641032e-03,  6.06601455982902059566e-03,
         6.01915036190148709794e-03,  5.97229579011629516799e-03,
         5.92545547968732939925e-03,  5.87863400477473246192e-03,
         5.83183587837930554609e-03,  5.78506555227921350631e-03,
         5.73832741700900251375e-03,  5.69162580188076628468e-03,
         5.64496497504725185113e-03,  5.59834914360681553530e-03,
         5.55178245374949013574e-03,  5.50526899094406271112e-03,
         5.45881278016531381464e-03,  5.41241778616080495418e-03,
         5.36608791375672421892e-03,  5.31982700820147948878e-03,
         5.27363885554663677085e-03,  5.22752718306382108820e-03,
         5.18149565969658332243e-03,  5.13554789654632228013e-03,
         5.08968744739068685440e-03,  5.04391780923332117004e-03,
         4.99824242288364386372e-03,  4.95266467356521213755e-03,
         4.90718789155084565701e-03,  4.86181535282371318774e-03,
         4.81655027976198371609e-03,  4.77139584184579652187e-03,
         4.72635515638496813556e-03,  4.68143128926539007356e-03,
         4.63662725571259599910e-03,  4.59194602107063868518e-03,
         4.54739050159432521558e-03,  4.50296356525335499110e-03,
         4.45866803254594667311e-03,  4.41450667732060618442e-03,
         4.37048222760384307700e-03,  4.32659736643207105261e-03,
         4.28285473268584428869e-03,  4.23925692192442422901e-03,
         4.19580648721907915888e-03,  4.15250593998287269998e-03,
         4.10935775079565839690e-03,  4.06636435022186739502e-03,
         4.02352812961989832197e-03,  3.98085144194095831571e-03,
         3.93833660251592231755e-03,  3.89598588982833322555e-03,
         3.85380154627218808952e-03,  3.81178577889271837792e-03,
         3.76994076010880949795e-03,  3.72826862841556900749e-03,
         3.68677148906558461647e-03,  3.64545141472769236579e-03,
         3.60431044612189626156e-03,  3.56335059262922679291e-03,
         3.52257383287557773038e-03,  3.48198211528824227989e-03,
         3.44157735862445817235e-03,  3.40136145247080202633e-03,
         3.36133625771294075602e-03,  3.32150360697468791452e-03,
         3.28186530502600241552e-03,  3.24242312915921622810e-03,
         3.20317882953317662614e-03,  3.16413412948473573780e-03,
         3.12529072580747810731e-03,  3.08665028899744210700e-03,
         3.04821446346565045130e-03,  3.00998486771756603927e-03,
         2.97196309449942195138e-03,  2.93415071091167583422e-03,
         2.89654925848978556449e-03,  2.85916025325263058535e-03,
         2.82198518571909673022e-03,  2.78502552089318188705e-03,
         2.74828269821829210620e-03,  2.71175813150149012942e-03,
         2.67545320880815430675e-03,  2.63936929232827304989e-03,
         2.60350771821490738211e-03,  2.56786979639598992101e-03,
         2.53245681036047814300e-03,  2.49727001691993182042e-03,
         2.46231064594668426840e-03,  2.42757990008988589273e-03,
         2.39307895447062653899e-03,  2.35880895635755651399e-03,
         2.32477102482439232367e-03,  2.29096625039065197177e-03,
         2.25739569464722834163e-03,  2.22406038986821142506e-03,
         2.19096133861062039583e-03,  2.15809951330351093568e-03,
         2.12547585582818603089e-03,  2.09309127709104546983e-03,
         2.06094665659081527007e-03,  2.02904284198175341447e-03,
         1.99738064863457529322e-03,  1.96596085919672775716e-03,
         1.93478422315371289576e-03,  1.90385145639319235990e-03,
         1.87316324077349506336e-03,  1.84272022369818188822e-03,
         1.81252301769841361011e-03,  1.78257220002464144420e-03,
         1.75286831224930506230e-03,  1.72341185988210670449e-03,
         1.69420331199937514860e-03,  1.66524310088910637573e-03,
         1.63653162171310709132e-03,  1.60806923218768482546e-03,
         1.57985625228431228982e-03,  1.55189296395158633259e-03,
         1.52417961085973266075e-03,  1.49671639816901960555e-03,
         1.46950349232308923909e-03,  1.44254102086848346592e-03,
         1.41582907230130899609e-03,  1.38936769594211911340e-03,
         1.36315690183983428095e-03,  1.33719666070568278700e-03,
         1.31148690387781563862e-03,  1.28602752331738391829e-03,
         1.26081837163669573110e-03,  1.23585926215998335130e-03,
         1.21114996901727713270e-03,  1.18669022727178516928e-03,
         1.16247973308108770371e-03,  1.13851814389241147961e-03,
         1.11480507867209007247e-03,  1.09134011816933488258e-03,
         1.06812280521430399624e-03,  1.04515264505034531639e-03,
         1.02242910570031855268e-03,  9.99951618366671677804e-04,
         9.77719577865009906864e-04,  9.55732343090705304192e-04,
         9.33989237518121576814e-04,  9.12489549731822073043e-04,
         8.91232533989206199970e-04,  8.70217410813822257222e-04,
         8.49443367618586795027e-04,  8.28909559358085960834e-04,
         8.08615109209026420613e-04,  7.88559109277864626539e-04,
         7.68740621334577716936e-04,  7.49158677571474824336e-04,
         7.29812281385898344727e-04,  7.10700408185588501653e-04,
         6.91822006215455915894e-04,  6.73175997404473714855e-04,
         6.54761278231279176751e-04,  6.36576720607149606178e-04,
         6.18621172774853314742e-04,  6.00893460221954968208e-04,
         5.83392386607037901486e-04,  5.66116734697303075445e-04,
         5.49065267316029719837e-04,  5.32236728298248916100e-04,
         5.15629843453097166592e-04,  4.99243321531196541929e-04,
         4.83075855195448655710e-04,  4.67126121993615187576e-04,
         4.51392785331053609816e-04,  4.35874495441966093318e-04,
         4.20569890357541361151e-04,  4.05477596869367089630e-04,
         3.90596231486506557159e-04,  3.75924401384638065798e-04,
         3.61460705345690029751e-04,  3.47203734686420833772e-04,
         3.33152074174405358076e-04,  3.19304302929940861215e-04,
         3.05658995312400091210e-04,  2.92214721789610561153e-04,
         2.78970049788846243856e-04,  2.65923544528108796257e-04,
         2.53073769826376725363e-04,  2.40419288891554006277e-04,
         2.27958665084933173551e-04,  2.15690462660997122821e-04,
         2.03613247481457341473e-04,  1.91725587702498278132e-04,
         1.80026054434221413191e-04,  1.68513222371379682921e-04,
         1.57185670394531561492e-04,  1.46041982140820053625e-04,
         1.35080746543643975344e-04,  1.24300558340559563200e-04,
         1.13700018548816656427e-04,  1.03277734908003329369e-04,
         9.30323222893480002898e-05,  8.29624030712950599102e-05,
         7.30666074810434499698e-05,  6.33435739018135704568e-05,
         5.37919491456770730337e-05,  4.44103886918586235289e-05,
         3.51975568904936076320e-05,  2.61521271318959323013e-05,
         1.72727819814639298938e-05,  8.55821328042743946930e-06,
         7.12221270460289200200e-09, -8.38178066178704352519e-06,
        -1.66097754069530862634e-05, -2.46781327429972852279e-05,
        -3.25881141110003394565e-05, -4.03409717689888488805e-05,
        -4.79379489188136619017e-05, -5.53802798630969388377e-05,
        -6.26691901914439529735e-05, -6.98058969950589996989e-05,
        -7.67916091088434590254e-05, -8.36275273800023979335e-05,
        -9.03148449621343757778e-05, -9.68547476337239639710e-05,
        -1.03248414139913048540e-04, -1.09497016556376331581e-04,
        -1.15601720674093338807e-04, -1.21563686403755599492e-04,
        -1.27384068198523216350e-04, -1.33064015493797554827e-04,
        -1.38604673162660667340e-04, -1.44007181985590285546e-04,
        -1.49272679133034168663e-04, -1.54402298659419450789e-04,
        -1.59397172007131281406e-04, -1.64258428518997221662e-04,
        -1.68987195957792120772e-04, -1.73584601031265267765e-04,
        -1.78051769921191261432e-04, -1.82389828814943818743e-04,
        -1.86599904438073771300e-04, -1.90683124586406489188e-04,
        -1.94640618656140659435e-04, -1.98473518170474771483e-04,
        -2.02182957301278148216e-04, -2.05770073384340464358e-04,
        -2.09236007426764133044e-04, -2.12581904605063317943e-04,
        -2.15808914752580436897e-04, -2.18918192834842352968e-04,
        -2.21910899411505065917e-04, -2.24788201083586105470e-04,
        -2.27551270924698139167e-04, -2.30201288895044931188e-04,
        -2.32739442236979494558e-04, -2.35166925850963418835e-04,
        -2.37484942650813111607e-04, -2.39694703897168131732e-04,
        -2.41797429508153031725e-04, -2.43794348346274139050e-04,
        -2.45686698480620515847e-04, -2.47475727423527322533e-04,
        -2.49162692340867454339e-04, -2.50748860235248233717e-04,
        -2.52235508101405418550e-04, -2.53623923053168372297e-04,
        -2.54915402421433505420e-04, -2.56111253822625299995e-04,
        -2.57212795197220018672e-04, -2.58221354817933003174e-04,
        -2.59138271267265877292e-04, -2.59964893384169383646e-04,
        -2.60702580179618186810e-04, -2.61352700720998058857e-04,
        -2.61916633985252484025e-04, -2.62395768680784562555e-04,
        -2.62791503038218622352e-04, -2.63105244570153973781e-04,
        -2.63338409800114366544e-04, -2.63492423960996833675e-04,
        -2.63568720663326535019e-04, -2.63568741533744721646e-04,
        -2.63493935824190986597e-04, -2.63345759992304013705e-04,
        -2.63125677253630901528e-04, -2.62835157106298673672e-04,
        -2.62475674828849996414e-04, -2.62048710952000581467e-04,
        -2.61555750705152946934e-04, -2.60998283438515520961e-04,
        -2.60377802021773921849e-04, -2.59695802220265314127e-04,
        -2.58953782049692771573e-04, -2.58153241110439780025e-04,
        -2.57295679902597867767e-04, -2.56382599122850654647e-04,
        -2.55415498944426945863e-04, -2.54395878281323841157e-04,
        -2.53325234038085940046e-04, -2.52205060346425964744e-04,
        -2.51036847790009256393e-04, -2.49822082618762926747e-04,
        -2.48562245954077765814e-04, -2.47258812986308031470e-04,
        -2.45913252165980210188e-04, -2.44527024390148943044e-04,
        -2.43101582185351728195e-04, -2.41638368888601542690e-04,
        -2.40138817827915236006e-04, -2.38604351503816621352e-04,
        -2.37036380773310653442e-04, -2.35436304037791606760e-04,
        -2.33805506436359904774e-04, -2.32145359046006529661e-04,
        -2.30457218090126462855e-04, -2.28742424156801275057e-04,
        -2.27002301428280304964e-04, -2.25238156923070567163e-04,
        -2.23451279752034064193e-04, -2.21642940389853041003e-04,
        -2.19814389963216699764e-04, -2.17966859557038793128e-04,
        -2.16101559539997218088e-04, -2.14219678910651333383e-04,
        -2.12322384665349165591e-04, -2.10410821189110078993e-04,
        -2.08486109670633057954e-04, -2.06549347542512418780e-04,
        -2.04601607947737157206e-04, -2.02643939233466301771e-04,
        -2.00677364473063427628e-04, -1.98702881017277397865e-04,
        -1.96721460075458893157e-04, -1.94734046327593626324e-04,
        -1.92741557567928395054e-04, -1.90744884380874809085e-04,
        -1.88744889849829178491e-04, -1.86742409299499209337e-04,
        -1.84738250072251960609e-04, -1.82733191338940189176e-04,
        -1.80727983944614878321e-04, -1.78723350289450918105e-04,
        -1.76719984245161297826e-04, -1.74718551107110823400e-04,
        -1.72719687582267188890e-04, -1.70724001813075921489e-04,
        -1.68732073437270963575e-04, -1.66744453683562643062e-04,
        -1.64761665503105508065e-04, -1.62784203736546993465e-04,
        -1.60812535316424493536e-04, -1.58847099504598563303e-04,
        -1.56888308164348036240e-04, -1.54936546066697660058e-04,
        -1.52992171230472172100e-04, -1.51055515295532355111e-04,
        -1.49126883928559384341e-04, -1.47206557260719570314e-04,
        -1.45294790356472781900e-04, -1.43391813712730371595e-04,
        -1.41497833787515624269e-04, -1.39613033557229904462e-04,
        -1.37737573101567856420e-04, -1.35871590215080938289e-04,
        -1.34015201044341381942e-04, -1.32168500749604297213e-04,
        -1.30331564189828993244e-04, -1.28504446629883970757e-04,
        -1.26687184468694905579e-04, -1.24879795987094076434e-04,
        -1.23082282114064122834e-04, -1.21294627210049137393e-04,
        -1.19516799865975508811e-04, -1.17748753716596579874e-04,
        -1.15990428266746724555e-04, -1.14241749729072626673e-04,
        -1.12502631871786096729e-04, -1.10772976874969793768e-04,
        -1.09052676193947418863e-04, -1.07341611428224349613e-04,
        -1.05639655194493517812e-04, -1.03946672002194461242e-04,
        -1.02262519130113602585e-04, -1.00587047502510948827e-04,
        -9.89201025632640559360e-05, -9.72615251465251044825e-05,
        -9.56111523423940876153e-05, -9.39688183561254378054e-05,
        -9.23343553593983207934e-05, -9.07075943321988906881e-05,
        -8.90883658938797272711e-05, -8.74765011219929422429e-05,
        -8.58718323575069259097e-05, -8.42741939950568077393e-05,
        -8.26834232568988026103e-05, -8.10993609492827822668e-05,
        -7.95218521999829037940e-05, -7.79507471757725036755e-05,
        -7.63859017786640520468e-05, -7.48271783197824904687e-05,
        -7.32744461697822351692e-05, -7.17275823847666593042e-05,
        -7.01864723067163829434e-05, -6.86510101374860693454e-05,
        -6.71210994854809392353e-05, -6.55966538841758499325e-05,
        -6.40775972817034017350e-05, -6.25638645007828671707e-05,
        -6.10554016683367384126e-05, -5.95521666141832063212e-05,
        -5.80541292382701407571e-05, -5.65612718459683054854e-05,
        -5.50735894510081855466e-05, -5.35910900457082917787e-05])

