
#
# This is the filter-function that is output from main.py with D = 256, S = 6, T = 4

#

# Some relevant output:
#Iter 2900: loss = 0.003687590379993878 = 0.0021416724057658136 + 0.0015459179742280645
# Iter 2900: relative error in frequency gain is 0.00017098274257217397; integral of energy in banned frequency region is 0.00013919707874255631
# f_penalty = 0.0+0.0008626210077043636; integral of abs(highpassed-signal) = 3.36961331134517e-06

# F at pi/2 is:  0.7071920238581717
# F =  tensor([ 1.0001e+00,  1.0001e+00,  1.0001e+00,  ..., -4.1534e-06,
#        -5.0665e-06, -5.9863e-06])


# Note: f is a vector of dimension 256 * 6.

f = [ 5.83842448603800412421e-01,  5.83836536229644265106e-01,
         5.83818688804263685732e-01,  5.83788943948004401818e-01,
         5.83747302939909951114e-01,  5.83693767570606092399e-01,
         5.83628340142264834256e-01,  5.83551023468559582064e-01,
         5.83461820874607073328e-01,  5.83360736196897211592e-01,
         5.83247773783222456245e-01,  5.83122938492574904856e-01,
         5.82986235695055143857e-01,  5.82837671271751123214e-01,
         5.82677251614609925667e-01,  5.82504983626301431343e-01,
         5.82320874720054892926e-01,  5.82124932819496399006e-01,
         5.81917166358461801501e-01,  5.81697584280791435418e-01,
         5.81466196040117067056e-01,  5.81223011599625527523e-01,
         5.80968041431803139396e-01,  5.80701296518168152971e-01,
         5.80422788348975871031e-01,  5.80132528922902790391e-01,
         5.79830530746719974289e-01,  5.79516806834931785808e-01,
         5.79191370709398967165e-01,  5.78854236398933075236e-01,
         5.78505418438868601605e-01,  5.78144931870607003965e-01,
         5.77772792241139199199e-01,  5.77389015602531863181e-01,
         5.76993618511388417502e-01,  5.76586618028286701509e-01,
         5.76168031717173012574e-01,  5.75737877644735940308e-01,
         5.75296174379741676042e-01,  5.74842940992336903783e-01,
         5.74378197053317496312e-01,  5.73901962633364237654e-01,
         5.73414258302234469689e-01,  5.72915105127928092621e-01,
         5.72404524675805714828e-01,  5.71882539007672607845e-01,
         5.71349170680822804336e-01,  5.70804442747041562711e-01,
         5.70248378751568418821e-01,  5.69681002732016050771e-01,
         5.69102339217250730030e-01,  5.68512413226223145557e-01,
         5.67911250266764588979e-01,  5.67298876334328627813e-01,
         5.66675317910695808266e-01,  5.66040601962631617639e-01,
         5.65394755940496152036e-01,  5.64737807776809597193e-01,
         5.64069785884769414608e-01,  5.63390719156726671457e-01,
         5.62700636962606304259e-01,  5.61999569148291078236e-01,
         5.61287546033945483615e-01,  5.60564598412305659103e-01,
         5.59830757546914026257e-01,  5.59086055170303963813e-01,
         5.58330523482149065906e-01,  5.57564195147351227000e-01,
         5.56787103294091090255e-01,  5.55999281511829979152e-01,
         5.55200763849259648630e-01,  5.54391584812216731137e-01,
         5.53571779361540894371e-01,  5.52741382910891143609e-01,
         5.51900431324524487486e-01,  5.51048960915013319450e-01,
         5.50187008440938818410e-01,  5.49314611104529060270e-01,
         5.48431806549254940997e-01,  5.47538632857388130049e-01,
         5.46635128547519388853e-01,  5.45721332572031814223e-01,
         5.44797284314535334993e-01,  5.43863023587266902759e-01,
         5.42918590628450270508e-01,  5.41964026099617357524e-01,
         5.40999371082897861918e-01,  5.40024667078271458642e-01,
         5.39039956000788134105e-01,  5.38045280177752660578e-01,
         5.37040682345883424453e-01,  5.36026205648433728967e-01,
         5.35001893632291003478e-01,  5.33967790245044038322e-01,
         5.32923939832022353080e-01,  5.31870387133309918681e-01,
         5.30807177280742004122e-01,  5.29734355794868161382e-01,
         5.28651968581897224730e-01,  5.27560061930622326010e-01,
         5.26458682509327702270e-01,  5.25347877362673520985e-01,
         5.24227693908563274761e-01,  5.23098179934998852580e-01,
         5.21959383596920067916e-01,  5.20811353413023092607e-01,
         5.19654138262579223806e-01,  5.18487787382230336242e-01,
         5.17312350362781447899e-01,  5.16127877145979963025e-01,
         5.14934418021290474243e-01,  5.13732023622657130169e-01,
         5.12520744925268112446e-01,  5.11300633242305457848e-01,
         5.10071740221699321260e-01,  5.08834117842872690751e-01,
         5.07587818413489655356e-01,  5.06332894566195901298e-01,
         5.05069399255364426260e-01,  5.03797385753839033207e-01,
         5.02516907649677380121e-01,  5.01228018842899580854e-01,
         4.99930773542233530815e-01,  4.98625226261870002631e-01,
         4.97311431818215132772e-01,  4.95989445326650679746e-01,
         4.94659322198296780293e-01,  4.93321118136781033847e-01,
         4.91974889135012860564e-01,  4.90620691471959524677e-01,
         4.89258581709436868312e-01,  4.87888616688895049300e-01,
         4.86510853528220099662e-01,  4.85125349618534706941e-01,
         4.83732162621011652082e-01,  4.82331350463688135477e-01,
         4.80922971338291316279e-01,  4.79507083697066016637e-01,
         4.78083746249612417945e-01,  4.76653017959727087760e-01,
         4.75214958042251500725e-01,  4.73769625959925333447e-01,
         4.72317081420246309698e-01,  4.70857384372333709344e-01,
         4.69390595003796873286e-01,  4.67916773737607261108e-01,
         4.66435981228977392110e-01,  4.64948278362238953676e-01,
         4.63453726247724462350e-01,  4.61952386218653587857e-01,
         4.60444319828019477114e-01,  4.58929588845475300296e-01,
         4.57408255254221240982e-01,  4.55880381247892207952e-01,
         4.54346029227444048182e-01,  4.52805261798036873255e-01,
         4.51258141765918718846e-01,  4.49704732135302209795e-01,
         4.48145096105238505135e-01,  4.46579297066488967172e-01,
         4.45007398598387837740e-01,  4.43429464465700085007e-01,
         4.41845558615471978303e-01,  4.40255745173873891396e-01,
         4.38660088443034168471e-01,  4.37058652897862109921e-01,
         4.35451503182864629871e-01,  4.33838704108947037508e-01,
         4.32220320650205491742e-01,  4.30596417940704745408e-01,
         4.28967061271243010889e-01,  4.27332316086107055764e-01,
         4.25692247979801596802e-01,  4.24046922693779082536e-01,
         4.22396406113139499805e-01,  4.20740764263320909944e-01,
         4.19080063306770222997e-01,  4.17414369539599927617e-01,
         4.15743749388219729912e-01,  4.14068269405957645191e-01,
         4.12387996269654610870e-01,  4.10702996776244000365e-01,
         4.09013337839311930111e-01,  4.07319086485631642880e-01,
         4.05620309851685290070e-01,  4.03917075180157958414e-01,
         4.02209449816415431922e-01,  4.00497501204957417897e-01,
         3.98781296885853786538e-01,  3.97060904491155330920e-01,
         3.95336391741285431145e-01,  3.93607826441411123852e-01,
         3.91875276477791689711e-01,  3.90138809814106424234e-01,
         3.88398494487764311955e-01,  3.86654398606188498544e-01,
         3.84906590343086385531e-01,  3.83155137934693079682e-01,
         3.81400109676004017700e-01,  3.79641573916981334147e-01,
         3.77879599058742465800e-01,  3.76114253549738986049e-01,
         3.74345605881906184909e-01,  3.72573724586805377079e-01,
         3.70798678231745892919e-01,  3.69020535415894912479e-01,
         3.67239364766367815118e-01,  3.65455234934310868589e-01,
         3.63668214590967431299e-01,  3.61878372423735827912e-01,
         3.60085777132210904661e-01,  3.58290497424221310308e-01,
         3.56492602011855064248e-01,  3.54692159607479351457e-01,
         3.52889238919749936851e-01,  3.51083908649618914311e-01,
         3.49276237486337348681e-01,  3.47466294103452255637e-01,
         3.45654147154803692565e-01,  3.43839865270520850249e-01,
         3.42023517053016645750e-01,  3.40205171072986256586e-01,
         3.38384895865407042681e-01,  3.36562759925543297790e-01,
         3.34738831704954553636e-01,  3.32913179607514153613e-01,
         3.31085871985429158748e-01,  3.29256977135278294799e-01,
         3.27426563294052397346e-01,  3.25594698635210288984e-01,
         3.23761451264746258349e-01,  3.21926889217274303512e-01,
         3.20091080452122200839e-01,  3.18254092849449332636e-01,
         3.16415994206375061903e-01,  3.14576852233131643022e-01,
         3.12736734549235173564e-01,  3.10895708679676530117e-01,
         3.09053842051135951863e-01,  3.07211201988220827808e-01,
         3.05367855709728519553e-01,  3.03523870324933831011e-01,
         3.01679312829902068760e-01,  2.99834250103831412293e-01,
         2.97988748905421152458e-01,  2.96142875869272625966e-01,
         2.94296697502315962591e-01,  2.92450280180268085140e-01,
         2.90603690144127568828e-01,  2.88756993496691649614e-01,
         2.86910256199116142639e-01,  2.85063544067501228874e-01,
         2.83216922769515377922e-01,  2.81370457821050801162e-01,
         2.79524214582914376503e-01,  2.77678258257556376254e-01,
         2.75832653885830114682e-01,  2.73987466343788510503e-01,
         2.72142760339520173307e-01,  2.70298600410016243156e-01,
         2.68455050918076809641e-01,  2.66612176049253635224e-01,
         2.64770039808825075056e-01,  2.62928706018813074241e-01,
         2.61088238315031584413e-01,  2.59248700144174171189e-01,
         2.57410154760933596041e-01,  2.55572665225160478020e-01,
         2.53736294399055817284e-01,  2.51901104944397380425e-01,
         2.50067159319802112538e-01,  2.48234519778021328618e-01,
         2.46403248363270155341e-01,  2.44573406908590224029e-01,
         2.42745057033242978006e-01,  2.40918260140137785452e-01,
         2.39093077413288723765e-01,  2.37269569815303477123e-01,
         2.35447798084901044335e-01,  2.33627822734459034137e-01,
         2.31809704047589493214e-01,  2.29993502076742462048e-01,
         2.28179276640835176915e-01,  2.26367087322908583369e-01,
         2.24556993467808246878e-01,  2.22749054179889410809e-01,
         2.20943328320745702165e-01,  2.19139874506960263822e-01,
         2.17338751107877897750e-01,  2.15540016243398829809e-01,
         2.13743727781790959774e-01,  2.11949943337522539455e-01,
         2.10158720269110754764e-01,  2.08370115676989403619e-01,
         2.06584186401390534904e-01,  2.04800989020243517924e-01,
         2.03020579847085907987e-01,  2.01243014928990687773e-01,
         1.99468350044503139884e-01,  1.97696640701591458411e-01,
         1.95927942135608129659e-01,  1.94162309307259889346e-01,
         1.92399796900589337145e-01,  1.90640459320963656653e-01,
         1.88884350693071467742e-01,  1.87131524858927256183e-01,
         1.85382035375881937256e-01,  1.83635935514641523980e-01,
         1.81893278257286850064e-01,  1.80154116295302813011e-01,
         1.78418502027609532368e-01,  1.76686487558598281922e-01,
         1.74958124696169142753e-01,  1.73233464949776289066e-01,
         1.71512559528470942549e-01,  1.69795459338950321948e-01,
         1.68082214983606981207e-01,  1.66372876758583504442e-01,
         1.64667494651824758423e-01,  1.62966118341135030034e-01,
         1.61268797192238161342e-01,  1.59575580256837157300e-01,
         1.57886516270676485751e-01,  1.56201653651607846873e-01,
         1.54521040497657385915e-01,  1.52844724585095570468e-01,
         1.51172753366510981277e-01,  1.49505173968885241020e-01,
         1.47842033191673660752e-01,  1.46183377504889189247e-01,
         1.44529253047190137105e-01,  1.42879705623974728734e-01,
         1.41234780705479345819e-01,  1.39594523424883626417e-01,
         1.37958978576423557660e-01,  1.36328190613510619178e-01,
         1.34702203646859419717e-01,  1.33081061442625964153e-01,
         1.31464807420553331241e-01,  1.29853484652130257704e-01,
         1.28247135858760047400e-01,  1.26645803409942830919e-01,
         1.25049529321470231924e-01,  1.23458355253635743143e-01,
         1.21872322509459424245e-01,  1.20291472032929516733e-01,
         1.18715844407261586491e-01,  1.17145479853176026630e-01,
         1.15580418227194531289e-01,  1.14020699019958773879e-01,
         1.12466361354569402420e-01,  1.10917443984947863833e-01,
         1.09373985294223111109e-01,  1.07836023293142999058e-01,
         1.06303595618511076415e-01,  1.04776739531651563730e-01,
         1.03255491916901864791e-01,  1.01739889280135775707e-01,
         1.00229967747315171223e-01,  9.87257630630750671052e-02,
         9.72273105893403238875e-02,  9.57346453039768369164e-02,
         9.42478017994756445130e-02,  9.27668142816746588153e-02,
         9.12917165685160070243e-02,  8.98225420888408149223e-02,
         8.83593238812223208400e-02,  8.69020945928388743873e-02,
         8.54508864783868893333e-02,  8.40057313990338061505e-02,
         8.25666608214141589661e-02,  8.11337058166670677117e-02,
         7.97068970595166820248e-02,  7.82862648273975614277e-02,
         7.68718389996225631711e-02,  7.54636490565971512767e-02,
         7.40617240790783087911e-02,  7.26660927474790108160e-02,
         7.12767833412192020059e-02,  6.98938237381237087442e-02,
         6.85172414138657814853e-02,  6.71470634414587375094e-02,
         6.57833164907947604005e-02,  6.44260268282301068465e-02,
         6.30752203162186636520e-02,  6.17309224129925573910e-02,
         6.03931581722901913989e-02,  5.90619522431317309219e-02,
         5.77373288696414882493e-02,  5.64193118909172147690e-02,
         5.51079247409466052576e-02,  5.38031904485693351914e-02,
         5.25051316374859772251e-02,  5.12137705263117498644e-02,
         4.99291289286759309984e-02,  4.86512282533655276984e-02,
         4.73800895045129247252e-02,  4.61157332818274978692e-02,
         4.48581797808689300422e-02,  4.36074487933637358617e-02,
         4.23635597075620734531e-02,  4.11265315086353847041e-02,
         3.98963827791137259915e-02,  3.86731316993619914091e-02,
         3.74567960480930717271e-02,  3.62473932029192535964e-02,
         3.50449401409382368944e-02,  3.38494534393548526796e-02,
         3.26609492761361294710e-02,  3.14794434306993886619e-02,
         3.03049512846316898562e-02,  2.91374878224404630644e-02,
         2.79770676323327568968e-02,  2.68237049070232692893e-02,
         2.56774134445693948126e-02,  2.45382066492322095663e-02,
         2.34060975323620509836e-02,  2.22810987133080125322e-02,
         2.11632224203496428772e-02,  2.00524804916496802998e-02,
         1.89488843762271597093e-02,  1.78524451349491679319e-02,
         1.67631734415403070571e-02,  1.56810795836086654120e-02,
         1.46061734636871859427e-02,  1.35384646002892940209e-02,
         1.24779621289776536386e-02,  1.14246748034448879910e-02,
         1.03786109966053918807e-02,  9.33977870169697479974e-03,
         8.30818553339157488125e-03,  7.28383872891369930913e-03,
         6.26674514916604474823e-03,  5.25691127986108869274e-03,
         4.25434323265791447533e-03,  3.25904674630339216690e-03,
         2.27102718777687923035e-03,  1.29028955343777002387e-03,
         3.16838470175090326439e-04, -6.49321803441472653051e-04,
        -1.60818737600976137576e-03, -2.55975472214310878841e-03,
        -3.50402068131862092989e-03, -4.44098245672623365837e-03,
        -5.37063761411898498571e-03, -6.29298408066485473467e-03,
        -7.20802014380052345072e-03, -8.11574445008727239637e-03,
        -9.01615600406933601074e-03, -9.90925416713469425778e-03,
        -1.07950386563785867555e-02, -1.16735095434697122574e-02,
        -1.25446672535191663944e-02, -1.34085125639519936458e-02,
        -1.42650466033812043515e-02, -1.51142708504843625850e-02,
        -1.59561871328822192651e-02, -1.67907976260192048912e-02,
        -1.76181048520457350648e-02, -1.84381116787015048031e-02,
        -1.92508213181997837882e-02, -2.00562373261120550916e-02,
        -2.08543636002524943041e-02, -2.16452043795617408983e-02,
        -2.24287642429895836549e-02, -2.32050481083756338085e-02,
        -2.39740612313274342737e-02, -2.47358092040954012647e-02,
        -2.54902979544438731963e-02, -2.62375337445171219475e-02,
        -2.69775231697001668940e-02, -2.77102731574730282160e-02,
        -2.84357909662577498788e-02, -2.91540841842574463549e-02,
        -2.98651607282863773563e-02, -3.05690288425898293312e-02,
        -3.12656970976535955598e-02, -3.19551743890014589011e-02,
        -3.26374699359799694265e-02, -3.33125932805294344696e-02,
        -3.39805542859407741507e-02, -3.46413631355958692715e-02,
        -3.52950303316923938435e-02, -3.59415666939503289368e-02,
        -3.65809833583001439705e-02, -3.72132917755521180903e-02,
        -3.78385037100441926072e-02, -3.84566312382696937067e-02,
        -3.90676867474821429282e-02, -3.96716829342772941969e-02,
        -4.02686328031508153358e-02, -4.08585496650319193734e-02,
        -4.14414471357907321369e-02, -4.20173391347195002155e-02,
        -4.25862398829869315264e-02, -4.31481639020641905002e-02,
        -4.37031260121229919724e-02, -4.42511413304038161987e-02,
        -4.47922252695548347989e-02, -4.53263935359408190462e-02,
        -4.58536621279201639378e-02, -4.63740473340916031786e-02,
        -4.68875657315087693289e-02, -4.73942341838626407524e-02,
        -4.78940698396315353569e-02, -4.83870901301987413334e-02,
        -4.88733127679364595664e-02, -4.93527557442576536584e-02,
        -4.98254373276337328424e-02, -5.02913760615797053588e-02,
        -5.07505907626055255411e-02, -5.12031005181346685062e-02,
        -5.16489246843891899874e-02, -5.20880828842422011205e-02,
        -5.25205950050373626681e-02, -5.29464811963761342040e-02,
        -5.33657618678729239736e-02, -5.37784576868780006542e-02,
        -5.41845895761703735816e-02, -5.45841787116183793649e-02,
        -5.49772465198114582141e-02, -5.53638146756612881116e-02,
        -5.57439050999748234028e-02, -5.61175399569983635040e-02,
        -5.64847416519349276864e-02, -5.68455328284343808232e-02,
        -5.71999363660582044178e-02, -5.75479753777192043485e-02,
        -5.78896732070975222895e-02, -5.82250534260330965264e-02,
        -5.85541398318973407844e-02, -5.88769564449427296182e-02,
        -5.91935275056338153221e-02, -5.95038774719588645090e-02,
        -5.98080310167243625608e-02, -6.01060130248333435166e-02,
        -6.03978485905488776675e-02, -6.06835630147431956405e-02,
        -6.09631818021351828962e-02, -6.12367306585161821908e-02,
        -6.15042354879656860689e-02, -6.17657223900593688182e-02,
        -6.20212176570686113397e-02, -6.22707477711553977762e-02,
        -6.25143394015616610249e-02, -6.27520194017956306487e-02,
        -6.29838148068170289307e-02, -6.32097528302205530215e-02,
        -6.34298608614207171108e-02, -6.36441664628391579051e-02,
        -6.38526973670942854522e-02, -6.40554814741969708036e-02,
        -6.42525468487508966131e-02, -6.44439217171609290968e-02,
        -6.46296344648496917662e-02, -6.48097136334837148341e-02,
        -6.49841879182108395074e-02, -6.51530861649085024645e-02,
        -6.53164373674465503772e-02, -6.54742706649630995530e-02,
        -6.56266153391559386998e-02, -6.57735008115903213577e-02,
        -6.59149566410235782099e-02, -6.60510125207478954179e-02,
        -6.61816982759520777702e-02, -6.63070438611029766562e-02,
        -6.64270793573475681892e-02, -6.65418349699357092319e-02,
        -6.66513410256656668729e-02, -6.67556279703514221513e-02,
        -6.68547263663131358102e-02, -6.69486668898916920112e-02,
        -6.70374803289866261213e-02, -6.71211975806184496518e-02,
        -6.71998496485163299141e-02, -6.72734676407300002943e-02,
        -6.73420827672675109676e-02, -6.74057263377576543206e-02,
        -6.74644297591387720470e-02, -6.75182245333720565394e-02,
        -6.75671422551807066004e-02, -6.76112146098150068596e-02,
        -6.76504733708418182214e-02, -6.76849503979596589520e-02,
        -6.77146776348381967958e-02, -6.77396871069827349876e-02,
        -6.77600109196222072372e-02, -6.77756812556217641541e-02,
        -6.77867303734176612773e-02, -6.77931906049754479104e-02,
        -6.77950943537702910291e-02, -6.77924740927885183250e-02,
        -6.77853623625510604001e-02, -6.77737917691553365396e-02,
        -6.77577949823386788131e-02, -6.77374047335587425867e-02,
        -6.77126538140927908271e-02, -6.76835750731539093072e-02,
        -6.76502014160225706441e-02, -6.76125658021949765830e-02,
        -6.75707012435437792686e-02, -6.75246408024936933812e-02,
        -6.74744175902086545937e-02, -6.74200647647909823146e-02,
        -6.73616155294896323813e-02, -6.72991031309194132071e-02,
        -6.72325608572869465318e-02, -6.71620220366249687238e-02,
        -6.70875200350315448183e-02, -6.70090882549161243054e-02,
        -6.69267601332476647080e-02, -6.68405691398069323750e-02,
        -6.67505487754408433076e-02, -6.66567325703165541873e-02,
        -6.65591540821770799585e-02, -6.64578468945939138113e-02,
        -6.63528446152191336838e-02, -6.62441808740335119632e-02,
        -6.61318893215907532834e-02, -6.60160036272569722415e-02,
        -6.58965574774439677430e-02, -6.57735845738363217317e-02,
        -6.56471186316103100244e-02, -6.55171933776451387299e-02,
        -6.53838425487243968259e-02, -6.52470998897286963425e-02,
        -6.51069991518170160250e-02, -6.49635740905971231784e-02,
        -6.48168584642848932820e-02, -6.46668860318510702045e-02,
        -6.45136905511552449788e-02, -6.43573057770670392541e-02,
        -6.41977654595741742405e-02, -6.40351033418758291971e-02,
        -6.38693531584632739895e-02, -6.37005486331851111803e-02,
        -6.35287234772990982989e-02, -6.33539113875087878114e-02,
        -6.31761460439865113470e-02, -6.29954611083808208027e-02,
        -6.28118902218111063718e-02, -6.26254670028462551157e-02,
        -6.24362250454707293223e-02, -6.22441979170360384921e-02,
        -6.20494191561995270257e-02, -6.18519222708494645357e-02,
        -6.16517407360177918663e-02, -6.14489079917811473197e-02,
        -6.12434574411495902257e-02, -6.10354224479450965801e-02,
        -6.08248363346694936871e-02, -6.06117323803628260670e-02,
        -6.03961438184527701911e-02, -6.01781038345964580660e-02,
        -5.99576455645150219187e-02, -5.97348020918216093822e-02,
        -5.95096064458446039058e-02, -5.92820915994464250898e-02,
        -5.90522904668387624283e-02, -5.88202359013961575962e-02,
        -5.85859606934682822232e-02, -5.83494975681920491350e-02,
        -5.81108791833055970955e-02, -5.78701381269637882276e-02,
        -5.76273069155584655165e-02, -5.73824179915425197640e-02,
        -5.71355037212608676822e-02, -5.68865963927886741924e-02,
        -5.66357282137780818077e-02, -5.63829313093150499836e-02,
        -5.61282377197877616060e-02, -5.58716793987673807087e-02,
        -5.56132882109030071693e-02, -5.53530959298314736983e-02,
        -5.50911342361043859794e-02, -5.48274347151322602456e-02,
        -5.45620288551484644568e-02, -5.42949480451934002323e-02,
        -5.40262235731200288202e-02, -5.37558866236227533841e-02,
        -5.34839682762904763957e-02, -5.32104995036845468404e-02,
        -5.29355111694434984915e-02, -5.26590340264155645777e-02,
        -5.23810987148196766094e-02, -5.21017357604361130985e-02,
        -5.18209755728282206455e-02, -5.15388484435959845498e-02,
        -5.12553845446619832371e-02, -5.09706139265911073455e-02,
        -5.06845665169449524634e-02, -5.03972721186709687879e-02,
        -5.01087604085279914035e-02, -4.98190609355485258813e-02,
        -4.95282031195377336896e-02, -4.92362162496109631582e-02,
        -4.89431294827692917049e-02, -4.86489718425140646452e-02,
        -4.83537722175007220193e-02, -4.80575593602319064979e-02,
        -4.77603618857908376882e-02, -4.74622082706144254871e-02,
        -4.71631268513069065729e-02, -4.68631458234934281104e-02,
        -4.65622932407140990851e-02, -4.62605970133585578385e-02,
        -4.59580849076400288489e-02, -4.56547845446103744971e-02,
        -4.53507233992137548384e-02, -4.50459287993807203088e-02,
        -4.47404279251606765144e-02, -4.44342478078934635666e-02,
        -4.41274153294189050434e-02, -4.38199572213240490237e-02,
        -4.35119000642275044477e-02, -4.32032702870999638090e-02,
        -4.28940941666207317673e-02, -4.25843978265687123086e-02,
        -4.22742072372479932296e-02, -4.19635482149462099577e-02,
        -4.16524464214255568661e-02, -4.13409273634449125900e-02,
        -4.10290163923124062695e-02, -4.07167387034674185808e-02,
        -4.04041193360906783494e-02, -4.00911831727414902371e-02,
        -3.97779549390210734883e-02, -3.94644592032604574205e-02,
        -3.91507203762323646723e-02, -3.88367627108849589046e-02,
        -3.85226103020972557300e-02, -3.82082870864539903000e-02,
        -3.78938168420392199054e-02, -3.75792231882473987126e-02,
        -3.72645295856100372545e-02, -3.69497593356373985052e-02,
        -3.66349355806732945862e-02, -3.63200813037622832757e-02,
        -3.60052193285274740875e-02, -3.56903723190573340940e-02,
        -3.53755627798016461516e-02, -3.50608130554734831463e-02,
        -3.47461453309572398940e-02, -3.44315816312211545047e-02,
        -3.41171438212326399997e-02, -3.38028536058759196403e-02,
        -3.34887325298707100307e-02, -3.31748019776900854305e-02,
        -3.28610831734773081725e-02, -3.25475971809601472007e-02,
        -3.22343649033619422672e-02, -3.19214070833078178424e-02,
        -3.16087443027259704098e-02, -3.12963969827423013625e-02,
        -3.09843853835683503972e-02, -3.06727296043811763215e-02,
        -3.03614495831944809778e-02, -3.00505650967207681157e-02,
        -2.97400957602233298460e-02, -2.94300610273579080212e-02,
        -2.91204801900032290984e-02, -2.88113723780803084040e-02,
        -2.85027565593598611327e-02, -2.81946515392573343606e-02,
        -2.78870759606160145694e-02, -2.75800483034771559687e-02,
        -2.72735868848374835016e-02, -2.69677098583941121657e-02,
        -2.66624352142763865192e-02, -2.63577807787650393589e-02,
        -2.60537642139990199830e-02, -2.57504030176695410115e-02,
        -2.54477145227022388818e-02, -2.51457158969273508742e-02,
        -2.48444241427385366372e-02, -2.45438560967405627888e-02,
        -2.42440284293866034626e-02, -2.39449576446055349688e-02,
        -2.36466600794199011126e-02, -2.33491519035550453010e-02,
        -2.30524491190408076235e-02, -2.27565675598053948625e-02,
        -2.24615228912635571390e-02, -2.21673306098988734392e-02,
        -2.18740060428417905369e-02, -2.15815643474440849170e-02,
        -2.12900205108505248541e-02, -2.09993893495696790086e-02,
        -2.07096855090434933677e-02, -2.04209234632182594360e-02,
        -2.01331175141173206178e-02, -1.98462817914165610966e-02,
        -1.95604302520244084651e-02, -1.92755766796672937946e-02,
        -1.89917346844818285545e-02, -1.87089177026147808480e-02,
        -1.84271389958326411995e-02, -1.81464116511414717825e-02,
        -1.78667485804185968701e-02, -1.75881625200575118784e-02,
        -1.73106660306271073480e-02, -1.70342714965465297228e-02,
        -1.67589911257770805830e-02, -1.64848369495322090439e-02,
        -1.62118208220071273462e-02, -1.59399544201288510814e-02,
        -1.56692492433283953046e-02, -1.53997166133359227741e-02,
        -1.51313676740001262777e-02, -1.48642133911329691470e-02,
        -1.45982645523809739796e-02, -1.43335317671239043796e-02,
        -1.40700254664020887180e-02, -1.38077559028732081703e-02,
        -1.35467331507995326217e-02, -1.32869671060665221068e-02,
        -1.30284674862335570628e-02, -1.27712438306176925135e-02,
        -1.25153055004110103782e-02, -1.22606616788324806339e-02,
        -1.20073213713146192960e-02, -1.17552934057258400696e-02,
        -1.15045864326287824303e-02, -1.12552089255751747165e-02,
        -1.10071691814373449902e-02, -1.07604753207771828422e-02,
        -1.05151352882522017285e-02, -1.02711568530593211346e-02,
        -1.00285476094162627481e-02, -9.78731497708056931428e-03,
        -9.54746620190639189163e-03, -9.30900835643870723513e-03,
        -9.07194834054499306408e-03, -8.83629288208398130933e-03,
        -8.60204853761119964117e-03, -8.36922169312103066130e-03,
        -8.13781856482463129832e-03, -7.90784519996343485126e-03,
        -7.67930747765741082006e-03, -7.45221110978766705657e-03,
        -7.22656164191244447526e-03, -7.00236445421597523270e-03,
        -6.77962476248913752108e-03, -6.55834761914117925913e-03,
        -6.33853791424145770333e-03, -6.12020037659023134063e-03,
        -5.90333957481745975893e-03, -5.68795991850841366894e-03,
        -5.47406565935504470233e-03, -5.26166089233182521917e-03,
        -5.05074955689483601207e-03, -4.84133543820282254838e-03,
        -4.63342216835885799264e-03, -4.42701322767131196650e-03,
        -4.22211194593261757158e-03, -4.01872150371454517348e-03,
        -3.81684493367844901793e-03, -3.61648512189904989406e-03,
        -3.41764480920019736443e-03, -3.22032659250125067110e-03,
        -3.02453292617239997281e-03, -2.83026612339749720007e-03,
        -2.63752835754286606845e-03, -2.44632166353050007485e-03,
        -2.25664793921417743128e-03, -2.06850894675695900701e-03,
        -1.88190631400851735196e-03, -1.69684153588084787358e-03,
        -1.51331597572083387596e-03, -1.33133086667823453096e-03,
        -1.15088731306761215926e-03, -9.71986291722836846449e-04,
        -7.94628653342719466421e-04, -6.18815123826477490529e-04,
        -4.44546305597670360788e-04, -2.71822678915354667365e-04,
        -1.00644603171210752840e-04,  6.89876818285504696867e-05,
         2.37074054597640523218e-04,  4.03614510721604332396e-04,
         5.68609161628223585237e-04,  7.32058233377405999723e-04,
         8.93962065471471550339e-04,  1.05432110968673451237e-03,
         1.21313592892714305731e-03,  1.37040719610075968117e-03,
         1.52613569301973499293e-03,  1.68032230932438938868e-03,
         1.83296804143195436222e-03,  1.98407399151042263680e-03,
         2.13364136647794123275e-03,  2.28167147702803196560e-03,
         2.42816573668095487745e-03,  2.57312566086133299656e-03,
         2.71655286600221536689e-03,  2.85844906867556425301e-03,
         2.99881608474915697937e-03,  3.13765582855707629226e-03,
         3.27497031205835299403e-03,  3.41076164406063208484e-03,
         3.54503202948290487700e-03,  3.67778376864401563076e-03,
         3.80901925657642012601e-03,  3.93874098236474731033e-03,
         4.06695152850843153619e-03,  4.19365357030778915237e-03,
         4.31884987527278961517e-03,  4.44254330255364638519e-03,
         4.56473680239240318240e-03,  4.68543341559454068479e-03,
         4.80463627301959145949e-03,  4.92234859508975265002e-03,
         5.03857369131533242013e-03,  5.15331495983589651239e-03,
         5.26657588697590755417e-03,  5.37836004681363239605e-03,
         5.48867110076195485746e-03,  5.59751279715987176688e-03,
         5.70488897087321339407e-03,  5.81080354290328636446e-03,
         5.91526052000193331565e-03,  6.01826399429169003885e-03,
         6.11981814288942767982e-03,  6.21992722753221191634e-03,
         6.31859559420368168542e-03,  6.41582767275961779463e-03,
         6.51162797655118700396e-03,  6.60600110204427864308e-03,
         6.69895172843356073028e-03,  6.79048461724974551645e-03,
         6.88060461195857519384e-03,  6.96931663755009922490e-03,
         7.05662570011684944088e-03,  7.14253688641950951893e-03,
         7.22705536343859651638e-03,  7.31018637791105378027e-03,
         7.39193525585018443996e-03,  7.47230740204787337311e-03,
         7.55130829955775930568e-03,  7.62894350915821820025e-03,
         7.70521866879409541434e-03,  7.78013949299596017928e-03,
         7.85371177227608789628e-03,  7.92594137249999323991e-03,
         7.99683423423279936271e-03,  8.06639637205948042964e-03,
         8.13463387387831741993e-03,  8.20155290016679090759e-03,
         8.26715968321937826058e-03,  8.33146052635656483853e-03,
         8.39446180310472397923e-03,  8.45616995634646505253e-03,
         8.51659149744096385937e-03,  8.57573300531428057980e-03,
         8.63360112551926975333e-03,  8.69020256926510831219e-03,
         8.74554411241645381081e-03,  8.79963259446227795413e-03,
         8.85247491745448124301e-03,  8.90407804491668425362e-03,
         8.95444900072330483842e-03,  9.00359486794949197275e-03,
         9.05152278769234645839e-03,  9.09823995786390900264e-03,
         9.14375363195678129979e-03,  9.18807111778268369162e-03,
         9.23119977618531463437e-03,  9.27314701972775136396e-03,
         9.31392031135582811052e-03,  9.35352716303820656829e-03,
         9.39197513438433384536e-03,  9.42927183124144495385e-03,
         9.46542490427158822452e-03,  9.50044204751031989842e-03,
         9.53433099690795780867e-03,  9.56709952885512540655e-03,
         9.59875545869377094776e-03,  9.62930663921521962090e-03,
         9.65876095914671752019e-03,  9.68712634162812412375e-03,
         9.71441074268017748516e-03,  9.74062214966616400635e-03,
         9.76576857974831985532e-03,  9.78985807834107518710e-03,
         9.81289871756236067868e-03,  9.83489859468505631113e-03,
         9.85586583059007252661e-03,  9.87580856822298930320e-03,
         9.89473497105572419308e-03,  9.91265322155521384773e-03,
         9.92957151966076916050e-03,  9.94549808127166874716e-03,
         9.96044113674687120463e-03,  9.97440892941854964637e-03,
         9.98740971412096986692e-03,  9.99945175573642604239e-03,
         1.00105433277598958319e-02,  1.00206927108839084772e-02,
         1.00299081916052842955e-02,  1.00381980608549963019e-02,
         1.00455706126530101147e-02,  1.00520341427890597119e-02,
         1.00575969475310954965e-02,  1.00622673223623691763e-02,
         1.00660535607487444665e-02,  1.00689639529370593418e-02,
         1.00710067847858825152e-02,  1.00721903366296858945e-02,
         1.00725228821772049698e-02,  1.00720126874451962329e-02,
         1.00706680097281987829e-02,  1.00684970966050165581e-02,
         1.00655081849828284546e-02,  1.00617095001792090925e-02,
         1.00571092550427992202e-02,  1.00517156491128877016e-02,
         1.00455368678183717263e-02,  1.00385810817161524877e-02,
         1.00308564457694208288e-02,  1.00223710986655674404e-02,
         1.00131331621738563914e-02,  1.00031507405429539309e-02,
         9.99243191993773489934e-03,  9.98098476791535287045e-03,
         9.96881733294015248692e-03,  9.95593764393700592086e-03,
         9.94235370988239171297e-03,  9.92807351943284129014e-03,
         9.91310504058978171626e-03,  9.89745622040029242317e-03,
         9.88113498469258416668e-03,  9.86414923784559999342e-03,
         9.84650686259151003421e-03,  9.82821571985004714678e-03,
         9.80928364859365992112e-03,  9.78971846574218027004e-03,
         9.76952796608564211223e-03,  9.74871992223415827217e-03,
         9.72730208459320760950e-03,  9.70528218136307296859e-03,
         9.68266791856085308476e-03,  9.65946698006344382781e-03,
         9.63568702767019120980e-03,  9.61133570118316918340e-03,
         9.58642061850381935195e-03,  9.56094937574404786507e-03,
         9.53492954735016447210e-03,  9.50836868623792554056e-03,
         9.48127432393691682577e-03,  9.45365397074254300291e-03,
         9.42551511587386842139e-03,  9.39686522763549803017e-03,
         9.36771175358183660897e-03,  9.33806212068180249708e-03,
         9.30792373548252477411e-03,  9.27730398426989365246e-03,
         9.24621023322461793592e-03,  9.21464982857202359601e-03,
         9.18263009672369220904e-03,  9.15015834440962780305e-03,
         9.11724185879915494102e-03,  9.08388790760914464906e-03,
         9.05010373919784734398e-03,  9.01589658264318090375e-03,
         8.98127364780375303521e-03,  8.94624212536148342989e-03,
         8.91080918684447262357e-03,  8.87498198462889284488e-03,
         8.83876765191863277005e-03,  8.80217330270187739427e-03,
         8.76520603168325258825e-03,  8.72787291419090463518e-03,
         8.69018100605742707665e-03,  8.65213734347395832525e-03,
         8.61374894281670758223e-03,  8.57502280044527068203e-03,
         8.53596589247232473419e-03,  8.49658517450392614112e-03,
         8.45688758135052474907e-03,  8.41688002670797075222e-03,
         8.37656940280862884196e-03,  8.33596258004229949401e-03,
         8.29506640654720933670e-03,  8.25388770777079130991e-03,
         8.21243328600076115398e-03,  8.17070991986665329243e-03,
         8.12872436381205897005e-03,  8.08648334753817379927e-03,
         8.04399357541913002934e-03,  8.00126172588977099820e-03,
         7.95829445080641594001e-03,  7.91509837478173057523e-03,
         7.87168009449420134904e-03,  7.82804617797345884955e-03,
         7.78420316386240450368e-03,  7.74015756065709291389e-03,
         7.69591584592579924795e-03,  7.65148446550833593455e-03,
         7.60686983269701858662e-03,  7.56207832740064898186e-03,
         7.51711629529289420554e-03,  7.47199004694665182974e-03,
         7.42670585695589732800e-03,  7.38126996304657844589e-03,
         7.33568856517824614827e-03,  7.28996782463807967145e-03,
         7.24411386312905861834e-03,  7.19813276185389538941e-03,
         7.15203056059674976974e-03,  7.10581325680424182034e-03,
         7.05948680466779096565e-03,  7.01305711420899431652e-03,
         6.96653005036996023080e-03,  6.91991143211034050869e-03,
         6.87320703151305528733e-03,  6.82642257290035428530e-03,
         6.77956373196220932892e-03,  6.73263613489880237417e-03,
         6.68564535757882553307e-03,  6.63859692471549089204e-03,
         6.59149630906190331370e-03,  6.54434893062751273096e-03,
         6.49716015591739193269e-03,  6.44993529719586292798e-03,
         6.40267961177617191820e-03,  6.35539830133761973752e-03,
         6.30809651127174891155e-03,  6.26077933005899853192e-03,
         6.21345178867704732439e-03,  6.16611886004234718145e-03,
         6.11878545848593916739e-03,  6.07145643926477324159e-03,
         6.02413659810956125806e-03,  5.97683067081020494293e-03,
         5.92954333283976942753e-03,  5.88227919901770229805e-03,
         5.83504282321323838184e-03,  5.78783869808948900348e-03,
         5.74067125488893388596e-03,  5.69354486326068085639e-03,
         5.64646383113004933507e-03,  5.59943240461055046636e-03,
         5.55245476795873313391e-03,  5.50553504357180131801e-03,
         5.45867729202813810330e-03,  5.41188551217060449805e-03,
         5.36516364123247775642e-03,  5.31851555500568919793e-03,
         5.27194506805111345882e-03,  5.22545593395030115447e-03,
         5.17905184559824295631e-03,  5.13273643553639486586e-03,
         5.08651327632535406320e-03,  5.04038588095621215013e-03,
         4.99435770329982684640e-03,  4.94843213859287416045e-03,
         4.90261252395966448669e-03,  4.85690213896859939585e-03,
         4.81130420622190822788e-03,  4.76582189197750309001e-03,
         4.72045830680136325325e-03,  4.67521650624922423256e-03,
         4.63009949157587238910e-03,  4.58511021047051069155e-03,
         4.54025155781657367010e-03,  4.49552637647432536128e-03,
         4.45093745808437801781e-03,  4.40648754389049313734e-03,
         4.36217932557969936824e-03,  4.31801544613795093563e-03,
         4.27399850071937936064e-03,  4.23013103752724588941e-03,
         4.18641555870456847505e-03,  4.14285452123257236234e-03,
         4.09945033783489648505e-03,  4.05620537788553732483e-03,
         4.01312196831867841473e-03,  3.97020239453824228676e-03,
         3.92744890132532345484e-03,  3.88486369374139431029e-03,
         3.84244893802545423034e-03,  3.80020676248310615084e-03,
         3.75813925836566324959e-03,  3.71624848073739879467e-03,
         3.67453644932914155058e-03,  3.63300514937633977144e-03,
         3.59165653243986729773e-03,  3.55049251720787736528e-03,
         3.50951499027699715880e-03,  3.46872580691130662917e-03,
         3.42812679177750953205e-03,  3.38771973965486163788e-03,
         3.34750641611843277254e-03,  3.30748855819433269093e-03,
         3.26766787498570425788e-03,  3.22804604826822843025e-03,
         3.18862473305408806318e-03,  3.14940555812334667049e-03,
         3.11039012652180885815e-03,  3.07158001602454754433e-03,
         3.03297677956431387114e-03,  2.99458194562417148038e-03,
         2.95639701859381435339e-03,  2.91842347908908422704e-03,
         2.88066278423432199293e-03,  2.84311636790726294730e-03,
         2.80578564094633147591e-03,  2.76867199132024626937e-03,
         2.73177678425993650246e-03,  2.69510136235294635310e-03,
         2.65864704560051260882e-03,  2.62241513143764582577e-03,
         2.58640689471663831264e-03,  2.55062358765452109124e-03,
         2.51506643974507872186e-03,  2.47973665763612585722e-03,
         2.44463542497287125363e-03,  2.40976390220819496751e-03,
         2.37512322638091643440e-03,  2.34071451086301099767e-03,
         2.30653884507702952589e-03,  2.27259729418483351002e-03,
         2.23889089874907288441e-03,  2.20542067436869633837e-03,
         2.17218761128996473014e-03,  2.13919267399452408401e-03,
         2.10643680076606906390e-03,  2.07392090323726486015e-03,
         2.04164586591862751846e-03,  2.00961254571106534214e-03,
         1.97782177140394272580e-03,  1.94627434316046185950e-03,
         1.91497103199218918386e-03,  1.88391257922475687317e-03,
         1.85309969595654562731e-03,  1.82253306251236517170e-03,
         1.79221332789411655524e-03,  1.76214110923039431536e-03,
         1.73231699122704686095e-03,  1.70274152562068696939e-03,
         1.67341523063714212559e-03,  1.64433859045686977564e-03,
         1.61551205468927583202e-03,  1.58693603785792377268e-03,
         1.55861091889858893386e-03,  1.53053704067202889574e-03,
         1.50271470949340894829e-03,  1.47514419468018501483e-03,
         1.44782572812029151389e-03,  1.42075950386234849988e-03,
         1.39394567772964730890e-03,  1.36738436695954990348e-03,
         1.34107564986988723674e-03,  1.31501956555392569316e-03,
         1.28921611360534728134e-03,  1.26366525387464740358e-03,
         1.23836690625828528892e-03,  1.21332095052182958525e-03,
         1.18852722615825964064e-03,  1.16398553228252207153e-03,
         1.13969562756333292822e-03,  1.11565723019312599586e-03,
         1.09187001789698466883e-03,  1.06833362798126104559e-03,
         1.04504765742252691066e-03,  1.02201166299737138295e-03,
         9.99225161453496909039e-04,  9.76687629722422815878e-04,
         9.54398505174052945096e-04,  9.32357185913216981836e-04,
         9.10563031118218220959e-04,  8.89015361421316646987e-04,
         8.67713459330972012272e-04,  8.46656569695548974659e-04,
         8.25843900208128784725e-04,  8.05274621951922392818e-04,
         7.84947869985712950829e-04,  7.64862743968651925472e-04,
         7.45018308823602935613e-04,  7.25413595438206609475e-04,
         7.06047601402646119069e-04,  6.86919291783092832333e-04,
         6.68027599929662879372e-04,  6.49371428317665555854e-04,
         6.30949649420807284414e-04,  6.12761106614975389895e-04,
         5.94804615111103212634e-04,  5.77078962915588485234e-04,
         5.59582911816628694908e-04,  5.42315198394801916901e-04,
         5.25274535056137795684e-04,  5.08459611085870658367e-04,
         4.91869093721025545107e-04,  4.75501629239917305517e-04,
         4.59355844066612660839e-04,  4.43430345888362576704e-04,
         4.27723724783972446880e-04,  4.12234554361046959692e-04,
         3.96961392900025593702e-04,  3.81902784502902029398e-04,
         3.67057260244497886997e-04,  3.52423339324158110472e-04,
         3.37999530215732336361e-04,  3.23784331813690648156e-04,
         3.09776234573243746881e-04,  2.95973721642337405865e-04,
         2.82375269983406961254e-04,  2.68979351482797810185e-04,
         2.55784434045783313095e-04,  2.42788982675140011143e-04,
         2.29991460531272270528e-04,  2.17390329971923595411e-04,
         2.04984053569547440077e-04,  1.92771095104465699493e-04,
         1.80749920531991846526e-04,  1.68918998921754908620e-04,
         1.57276803367520975202e-04,  1.45821811865873193206e-04,
         1.34552508162184120653e-04,  1.23467382562383155105e-04,
         1.12564932709100995402e-04,  1.01843664320852770439e-04,
         9.13020918930045592308e-05,  8.09387393593526349939e-05,
         7.07521407132379531128e-05,  6.07408405872037431396e-05,
         5.09033947903049025494e-05,  4.12383708022682785531e-05,
         3.17443482238040261241e-05,  2.24199191824667775946e-05,
         1.32636886935674706942e-05,  4.27427497573639800905e-06,
        -4.54969027915513305664e-06, -1.32095616819063793932e-05,
        -2.17066799678176323421e-05, -3.00423718644211034149e-05,
        -3.82179500049898530304e-05, -4.62347128875972119503e-05,
        -5.40939448793955699065e-05, -6.17969162656811690348e-05,
        -6.93448833432088878074e-05, -7.67390885571209174386e-05,
        -8.39807606807522528556e-05, -9.10711150374826687798e-05,
        -9.80113537637046305191e-05, -1.04802666111884486104e-04,
        -1.11446228792607394367e-04, -1.17943206354402660083e-04,
        -1.24294751600062623048e-04, -1.30502006038088464281e-04,
        -1.36566100367812686940e-04, -1.42488154996675808186e-04,
        -1.48269280588060869139e-04, -1.53910578638019330654e-04,
        -1.59413142079162548992e-04, -1.64778055909925615205e-04,
        -1.70006397847358679820e-04, -1.75099239001548761391e-04,
        -1.80057644569723266812e-04, -1.84882674548047962150e-04,
        -1.89575384459091719064e-04, -1.94136826092896724568e-04,
        -1.98568048259562457067e-04, -2.02870097551231619694e-04,
        -2.07044019111340499252e-04, -2.11090857408990499903e-04,
        -2.15011657016280009584e-04, -2.18807463386435621568e-04,
        -2.22479323630584471241e-04, -2.26028287291007740512e-04,
        -2.29455407108734762414e-04, -2.32761739783348488341e-04,
        -2.35948346722889885528e-04, -2.39016294781781683679e-04,
        -2.41966656984717531052e-04, -2.44800513234495688460e-04,
        -2.47518951001822874822e-04, -2.50123065995143314000e-04,
        -2.52613962808619888119e-04, -2.54992755546419808468e-04,
        -2.57260568421532756847e-04, -2.59418536327404608988e-04,
        -2.61467805380731271783e-04, -2.63409533433831000160e-04,
        -2.65244890555078936898e-04, -2.66975059475972349016e-04,
        -2.68601236003456888147e-04, -2.70124629396252134619e-04,
        -2.71546462703961685118e-04, -2.72867973067885262288e-04,
        -2.74090411982492120589e-04, -2.75215045516647403845e-04,
        -2.76243154493747782550e-04, -2.77176034630035943943e-04,
        -2.78014996630445473513e-04, -2.78761366241444543627e-04,
        -2.79416484260420713327e-04, -2.79981706501277892354e-04,
        -2.80458403715990898727e-04, -2.80847961471982355674e-04,
        -2.81151779985280240309e-04, -2.81371273909515064691e-04,
        -2.81507872080918885877e-04, -2.81563017219590527689e-04,
        -2.81538165587384313013e-04, -2.81434786602884176761e-04,
        -2.81254362414026239884e-04, -2.80998387429012342655e-04,
        -2.80668367806273045054e-04, -2.80265820904317803069e-04,
        -2.79792274692399964287e-04, -2.79249267123023810124e-04,
        -2.78638345467389447838e-04, -2.77961065614977878308e-04,
        -2.77218991338531745711e-04, -2.76413693525788051793e-04,
        -2.75546749379382543282e-04, -2.74619741586416713040e-04,
        -2.73634257459247636109e-04, -2.72591888049129491781e-04,
        -2.71494227234383924026e-04, -2.70342870784849901526e-04,
        -2.69139415404397565681e-04, -2.67885457753357992313e-04,
        -2.66582593452747138897e-04, -2.65232416072217760342e-04,
        -2.63836516103698012943e-04, -2.62396479922716069529e-04,
        -2.60913888739424651344e-04, -2.59390317541377600323e-04,
        -2.57827334030115873798e-04, -2.56226497553642569831e-04,
        -2.54589358036862742438e-04, -2.52917454912093635742e-04,
        -2.51212316051716976362e-04, -2.49475456705068978410e-04,
        -2.47708378441641814596e-04, -2.45912568102655778625e-04,
        -2.44089496763048462071e-04, -2.42240618705903768817e-04,
        -2.40367370411314696180e-04, -2.38471169561645785200e-04,
        -2.36553414065124442342e-04, -2.34615481099654501953e-04,
        -2.32658726178698236058e-04, -2.30684482241028701284e-04,
        -2.28694058766109535163e-04, -2.26688740916792988000e-04,
        -2.24669788710983093409e-04, -2.22638436223843253501e-04,
        -2.20595890822063384149e-04, -2.18543332431642270191e-04,
        -2.16481912840561958877e-04, -2.14412755037667485678e-04,
        -2.12336952588985456358e-04, -2.10255569052641690065e-04,
        -2.08169637433458059846e-04, -2.06080159678225779745e-04,
        -2.03988106212576791659e-04, -2.01894415520282991851e-04,
        -1.99799993765730800332e-04, -1.97705714460236556393e-04,
        -1.95612418172773003516e-04, -1.93520912285595242559e-04,
        -1.91431970795161128041e-04, -1.89346334158656731455e-04,
        -1.87264709186345040207e-04, -1.85187768979864987758e-04,
        -1.83116152916524481224e-04, -1.81050466679537715772e-04,
        -1.78991282334069000794e-04, -1.76939138448861622496e-04,
        -1.74894540263139384225e-04, -1.72857959898387638633e-04,
        -1.70829836614530664084e-04, -1.68810577109946939860e-04,
        -1.66800555864677328309e-04, -1.64800115526104302109e-04,
        -1.62809567336304027033e-04, -1.60829191600195047993e-04,
        -1.58859238193539509341e-04, -1.56899927109776810702e-04,
        -1.54951449044605604581e-04, -1.53013966017164393559e-04,
        -1.51087612026595824325e-04, -1.49172493742724589921e-04,
        -1.47268691229518190440e-04, -1.45376258699946541006e-04,
        -1.43495225300812044881e-04, -1.41625595926063365271e-04,
        -1.39767352057073847250e-04, -1.37920452628318134522e-04,
        -1.36084834916844042317e-04, -1.34260415453906444255e-04,
        -1.32447090957095724465e-04, -1.30644739281270821918e-04,
        -1.28853220386579436513e-04, -1.27072377321833383974e-04,
        -1.25302037221486649342e-04, -1.23542012314455096605e-04,
        -1.21792100943006492047e-04, -1.20052088589942709102e-04,
        -1.18321748912298503262e-04, -1.16600844779779687040e-04,
        -1.14889129316169362601e-04, -1.13186346941940803638e-04,
        -1.11492234416327206173e-04, -1.09806521877113218892e-04,
        -1.08128933876432638587e-04, -1.06459190410877771135e-04,
        -1.04797007944250962865e-04, -1.03142100421316833757e-04,
        -1.01494180270944562390e-04, -9.98529593970613532292e-05,
        -9.82181501558773294332e-05, -9.65894663178778459158e-05,
        -9.49666240131225312992e-05, -9.33493426584323259974e-05,
        -9.17373458650929600282e-05, -9.01303623257501110213e-05,
        -8.85281266792210038297e-05, -8.69303803520017891746e-05,
        -8.53368723752982586469e-05, -8.37473601764677350306e-05,
        -8.21616103438138753109e-05, -8.05793993637328681643e-05,
        -7.90005143292707651473e-05, -7.74247536192116411844e-05,
        -7.58519275468743660838e-05, -7.42818589778598587121e-05,
        -7.27143839160542974692e-05, -7.11493520572519823602e-05,
        -6.95866273098292388360e-05, -6.80260882819618619170e-05,
        -6.64676287349424179665e-05, -6.49111580022175809878e-05]
